model,point_index,recall,precision,pr_auc
isolation_forest,0,1.0,0.2959927140255009,0.9523300513807551
isolation_forest,1,1.0,0.29981549815498154,0.9523300513807551
isolation_forest,2,1.0,0.30176415970287834,0.9523300513807551
isolation_forest,3,1.0,0.3031716417910448,0.9523300513807551
isolation_forest,4,1.0,0.3057384760112888,0.9523300513807551
isolation_forest,5,1.0,0.3083491461100569,0.9523300513807551
isolation_forest,6,1.0,0.31100478468899523,0.9523300513807551
isolation_forest,7,1.0,0.313404050144648,0.9523300513807551
isolation_forest,8,1.0,0.316147859922179,0.9523300513807551
isolation_forest,9,1.0,0.31676413255360625,0.9523300513807551
isolation_forest,10,1.0,0.3170731707317073,0.9523300513807551
isolation_forest,11,1.0,0.31800391389432486,0.9523300513807551
isolation_forest,12,1.0,0.32051282051282054,0.9523300513807551
isolation_forest,13,1.0,0.32146389713155293,0.9523300513807551
isolation_forest,14,1.0,0.3227408142999007,0.9523300513807551
isolation_forest,15,1.0,0.32338308457711445,0.9523300513807551
isolation_forest,16,1.0,0.3240279162512463,0.9523300513807551
isolation_forest,17,1.0,0.3246753246753247,0.9523300513807551
isolation_forest,18,1.0,0.3259779338014042,0.9523300513807551
isolation_forest,19,1.0,0.32729103726082576,0.9523300513807551
isolation_forest,20,1.0,0.32795156407669024,0.9523300513807551
isolation_forest,21,1.0,0.32861476238624876,0.9523300513807551
isolation_forest,22,1.0,0.33028455284552843,0.9523300513807551
isolation_forest,23,1.0,0.3312945973496432,0.9523300513807551
isolation_forest,24,1.0,0.33265097236438074,0.9523300513807551
isolation_forest,25,1.0,0.3333333333333333,0.9523300513807551
isolation_forest,26,1.0,0.3343621399176955,0.9523300513807551
isolation_forest,27,1.0,0.3360910031023785,0.9523300513807551
isolation_forest,28,1.0,0.33678756476683935,0.9523300513807551
isolation_forest,29,1.0,0.33783783783783783,0.9523300513807551
isolation_forest,30,1.0,0.3396029258098224,0.9523300513807551
isolation_forest,31,1.0,0.34138655462184875,0.9523300513807551
isolation_forest,32,1.0,0.3424657534246575,0.9523300513807551
isolation_forest,33,1.0,0.34318901795142553,0.9523300513807551
isolation_forest,34,1.0,0.34537725823591925,0.9523300513807551
isolation_forest,35,1.0,0.3464818763326226,0.9523300513807551
isolation_forest,36,1.0,0.3468516542155816,0.9523300513807551
isolation_forest,37,1.0,0.34796573875803,0.9523300513807551
isolation_forest,38,1.0,0.34908700322234154,0.9523300513807551
isolation_forest,39,1.0,0.3505933117583603,0.9523300513807551
isolation_forest,40,1.0,0.35135135135135137,0.9523300513807551
isolation_forest,41,1.0,0.35173160173160173,0.9523300513807551
isolation_forest,42,1.0,0.3528773072747014,0.9523300513807551
isolation_forest,43,1.0,0.35364526659412404,0.9523300513807551
isolation_forest,44,1.0,0.3544165757906216,0.9523300513807551
isolation_forest,45,1.0,0.35557986870897157,0.9523300513807551
isolation_forest,46,1.0,0.35635964912280704,0.9523300513807551
isolation_forest,47,1.0,0.35753575357535755,0.9523300513807551
isolation_forest,48,1.0,0.358719646799117,0.9523300513807551
isolation_forest,49,1.0,0.35951327433628316,0.9523300513807551
isolation_forest,50,1.0,0.3599114064230343,0.9523300513807551
isolation_forest,51,1.0,0.3611111111111111,0.9523300513807551
isolation_forest,52,1.0,0.36231884057971014,0.9523300513807551
isolation_forest,53,1.0,0.3627232142857143,0.9523300513807551
isolation_forest,54,1.0,0.36312849162011174,0.9523300513807551
isolation_forest,55,1.0,0.36434977578475336,0.9523300513807551
isolation_forest,56,1.0,0.3651685393258427,0.9523300513807551
isolation_forest,57,1.0,0.36599099099099097,0.9523300513807551
isolation_forest,58,1.0,0.36681715575620766,0.9523300513807551
isolation_forest,59,1.0,0.3672316384180791,0.9523300513807551
isolation_forest,60,1.0,0.3688989784335982,0.9523300513807551
isolation_forest,61,1.0,0.36973833902161546,0.9523300513807551
isolation_forest,62,1.0,0.3710045662100457,0.9523300513807551
isolation_forest,63,1.0,0.3722794959908362,0.9523300513807551
isolation_forest,64,1.0,0.3735632183908046,0.9523300513807551
isolation_forest,65,1.0,0.3739930955120829,0.9523300513807551
isolation_forest,66,1.0,0.37442396313364057,0.9523300513807551
isolation_forest,67,1.0,0.3748558246828143,0.9523300513807551
isolation_forest,68,1.0,0.37528868360277134,0.9523300513807551
isolation_forest,69,1.0,0.37572254335260113,0.9523300513807551
isolation_forest,70,1.0,0.3761574074074074,0.9523300513807551
isolation_forest,71,1.0,0.37746806039488967,0.9523300513807551
isolation_forest,72,1.0,0.37834691501746215,0.9523300513807551
isolation_forest,73,1.0,0.3796728971962617,0.9523300513807551
isolation_forest,74,1.0,0.38011695906432746,0.9523300513807551
isolation_forest,75,1.0,0.3810082063305979,0.9523300513807551
isolation_forest,76,1.0,0.3814553990610329,0.9523300513807551
isolation_forest,77,1.0,0.3828032979976443,0.9523300513807551
isolation_forest,78,1.0,0.38325471698113206,0.9523300513807551
isolation_forest,79,1.0,0.3837072018890201,0.9523300513807551
isolation_forest,80,1.0,0.38416075650118203,0.9523300513807551
isolation_forest,81,1.0,0.38461538461538464,0.9523300513807551
isolation_forest,82,1.0,0.38552787663107946,0.9523300513807551
isolation_forest,83,1.0,0.3859857482185273,0.9523300513807551
isolation_forest,84,1.0,0.3869047619047619,0.9523300513807551
isolation_forest,85,1.0,0.38829151732377537,0.9523300513807551
isolation_forest,86,1.0,0.388755980861244,0.9523300513807551
isolation_forest,87,1.0,0.38922155688622756,0.9523300513807551
isolation_forest,88,1.0,0.38968824940047964,0.9523300513807551
isolation_forest,89,1.0,0.39015606242497,0.9523300513807551
isolation_forest,90,1.0,0.392512077294686,0.9523300513807551
isolation_forest,91,1.0,0.3934624697336562,0.9523300513807551
isolation_forest,92,1.0,0.39489671931956255,0.9523300513807551
isolation_forest,93,1.0,0.39585870889159563,0.9523300513807551
isolation_forest,94,1.0,0.39634146341463417,0.9523300513807551
isolation_forest,95,1.0,0.397796817625459,0.9523300513807551
isolation_forest,96,1.0,0.39828431372549017,0.9523300513807551
isolation_forest,97,1.0,0.3987730061349693,0.9523300513807551
isolation_forest,98,1.0,0.39926289926289926,0.9523300513807551
isolation_forest,99,1.0,0.3997539975399754,0.9523300513807551
isolation_forest,100,1.0,0.4002463054187192,0.9523300513807551
isolation_forest,101,1.0,0.4012345679012346,0.9523300513807551
isolation_forest,102,1.0,0.40173053152039556,0.9523300513807551
isolation_forest,103,1.0,0.40222772277227725,0.9523300513807551
isolation_forest,104,1.0,0.40272614622057,0.9523300513807551
isolation_forest,105,1.0,0.4032258064516129,0.9523300513807551
isolation_forest,106,1.0,0.40372670807453415,0.9523300513807551
isolation_forest,107,1.0,0.40422885572139305,0.9523300513807551
isolation_forest,108,1.0,0.4067584480600751,0.9523300513807551
isolation_forest,109,1.0,0.4077791718946048,0.9523300513807551
isolation_forest,110,1.0,0.4082914572864322,0.9523300513807551
isolation_forest,111,1.0,0.4088050314465409,0.9523300513807551
isolation_forest,112,1.0,0.4098360655737705,0.9523300513807551
isolation_forest,113,1.0,0.4108723135271808,0.9523300513807551
isolation_forest,114,1.0,0.41191381495564006,0.9523300513807551
isolation_forest,115,1.0,0.41296060991105465,0.9523300513807551
isolation_forest,116,1.0,0.4140127388535032,0.9523300513807551
isolation_forest,117,1.0,0.4145408163265306,0.9523300513807551
isolation_forest,118,1.0,0.41507024265644954,0.9523300513807551
isolation_forest,119,1.0,0.4166666666666667,0.9523300513807551
isolation_forest,120,1.0,0.417201540436457,0.9523300513807551
isolation_forest,121,1.0,0.41773778920308485,0.9523300513807551
isolation_forest,122,1.0,0.41827541827541825,0.9523300513807551
isolation_forest,123,1.0,0.41881443298969073,0.9523300513807551
isolation_forest,124,1.0,0.4198966408268734,0.9523300513807551
isolation_forest,125,1.0,0.4209844559585492,0.9523300513807551
isolation_forest,126,1.0,0.42153047989623865,0.9523300513807551
isolation_forest,127,1.0,0.42207792207792205,0.9523300513807551
isolation_forest,128,1.0,0.4226267880364109,0.9523300513807551
isolation_forest,129,1.0,0.4231770833333333,0.9523300513807551
isolation_forest,130,1.0,0.423728813559322,0.9523300513807551
isolation_forest,131,1.0,0.42428198433420367,0.9523300513807551
isolation_forest,132,1.0,0.4259501965923984,0.9523300513807551
isolation_forest,133,1.0,0.42650918635170604,0.9523300513807551
isolation_forest,134,1.0,0.42706964520367935,0.9523300513807551
isolation_forest,135,1.0,0.4281949934123847,0.9523300513807551
isolation_forest,136,1.0,0.42932628797886396,0.9523300513807551
isolation_forest,137,1.0,0.4304635761589404,0.9523300513807551
isolation_forest,138,1.0,0.4316069057104914,0.9523300513807551
isolation_forest,139,1.0,0.4321808510638298,0.9523300513807551
isolation_forest,140,1.0,0.43275632490013316,0.9523300513807551
isolation_forest,141,1.0,0.43333333333333335,0.9523300513807551
isolation_forest,142,1.0,0.435656836461126,0.9523300513807551
isolation_forest,143,1.0,0.436241610738255,0.9523300513807551
isolation_forest,144,1.0,0.4368279569892473,0.9523300513807551
isolation_forest,145,1.0,0.4380053908355795,0.9523300513807551
isolation_forest,146,1.0,0.43859649122807015,0.9523300513807551
isolation_forest,147,1.0,0.4391891891891892,0.9523300513807551
isolation_forest,148,1.0,0.4397834912043302,0.9523300513807551
isolation_forest,149,1.0,0.44037940379403795,0.9523300513807551
isolation_forest,150,1.0,0.4433833560709413,0.9523300513807551
isolation_forest,151,1.0,0.44398907103825136,0.9523300513807551
isolation_forest,152,1.0,0.44459644322845415,0.9523300513807551
isolation_forest,153,1.0,0.44642857142857145,0.9523300513807551
isolation_forest,154,1.0,0.4470426409903714,0.9523300513807551
isolation_forest,155,1.0,0.4482758620689655,0.9523300513807551
isolation_forest,156,1.0,0.4488950276243094,0.9523300513807551
isolation_forest,157,1.0,0.45013850415512463,0.9523300513807551
isolation_forest,158,1.0,0.4507628294036061,0.9523300513807551
isolation_forest,159,1.0,0.4513888888888889,0.9523300513807551
isolation_forest,160,1.0,0.45327754532775455,0.9523300513807551
isolation_forest,161,1.0,0.45391061452513964,0.9523300513807551
isolation_forest,162,1.0,0.45774647887323944,0.9523300513807551
isolation_forest,163,1.0,0.45839210155148097,0.9523300513807551
isolation_forest,164,1.0,0.4590395480225989,0.9523300513807551
isolation_forest,165,1.0,0.4603399433427762,0.9523300513807551
isolation_forest,166,1.0,0.4623044096728307,0.9523300513807551
isolation_forest,167,1.0,0.4656160458452722,0.9523300513807551
isolation_forest,168,1.0,0.46628407460545196,0.9523300513807551
isolation_forest,169,1.0,0.46695402298850575,0.9523300513807551
isolation_forest,170,1.0,0.4676258992805755,0.9523300513807551
isolation_forest,171,1.0,0.468975468975469,0.9523300513807551
isolation_forest,172,1.0,0.4703328509406657,0.9523300513807551
isolation_forest,173,1.0,0.4716981132075472,0.9523300513807551
isolation_forest,174,1.0,0.47238372093023256,0.9523300513807551
isolation_forest,175,1.0,0.47307132459970885,0.9523300513807551
isolation_forest,176,1.0,0.4737609329446064,0.9523300513807551
isolation_forest,177,1.0,0.4744525547445255,0.9523300513807551
isolation_forest,178,1.0,0.47794117647058826,0.9523300513807551
isolation_forest,179,1.0,0.4786450662739323,0.9523300513807551
isolation_forest,180,1.0,0.47935103244837757,0.9523300513807551
isolation_forest,181,1.0,0.48005908419497784,0.9523300513807551
isolation_forest,182,1.0,0.48148148148148145,0.9523300513807551
isolation_forest,183,1.0,0.4836309523809524,0.9523300513807551
isolation_forest,184,1.0,0.4843517138599106,0.9523300513807551
isolation_forest,185,1.0,0.4931714719271624,0.9523300513807551
isolation_forest,186,1.0,0.4939209726443769,0.9523300513807551
isolation_forest,187,1.0,0.4946727549467275,0.9523300513807551
isolation_forest,188,1.0,0.4969418960244648,0.9523300513807551
isolation_forest,189,1.0,0.49846625766871167,0.9523300513807551
isolation_forest,190,1.0,0.49923195084485406,0.9523300513807551
isolation_forest,191,1.0,0.5,0.9523300513807551
isolation_forest,192,1.0,0.5023183925811437,0.9523300513807551
isolation_forest,193,1.0,0.5030959752321982,0.9523300513807551
isolation_forest,194,1.0,0.5062305295950156,0.9523300513807551
isolation_forest,195,1.0,0.5070202808112324,0.9523300513807551
isolation_forest,196,1.0,0.5078125,0.9523300513807551
isolation_forest,197,1.0,0.5126182965299685,0.9523300513807551
isolation_forest,198,1.0,0.5142405063291139,0.9523300513807551
isolation_forest,199,1.0,0.5150554675118859,0.9523300513807551
isolation_forest,200,1.0,0.518341307814992,0.9523300513807551
isolation_forest,201,1.0,0.5284552845528455,0.9523300513807551
isolation_forest,202,1.0,0.5293159609120521,0.9523300513807551
isolation_forest,203,1.0,0.5301794453507341,0.9523300513807551
isolation_forest,204,1.0,0.5319148936170213,0.9523300513807551
isolation_forest,205,1.0,0.5336617405582923,0.9523300513807551
isolation_forest,206,1.0,0.5731922398589065,0.9523300513807551
isolation_forest,207,1.0,0.5752212389380531,0.9523300513807551
isolation_forest,208,1.0,0.5772646536412078,0.9523300513807551
isolation_forest,209,1.0,0.5782918149466192,0.9523300513807551
isolation_forest,210,1.0,0.5813953488372093,0.9523300513807551
isolation_forest,211,1.0,0.593065693430657,0.9523300513807551
isolation_forest,212,1.0,0.5941499085923218,0.9523300513807551
isolation_forest,213,1.0,0.5952380952380952,0.9523300513807551
isolation_forest,214,1.0,0.5985267034990792,0.9523300513807551
isolation_forest,215,1.0,0.5996309963099631,0.9523300513807551
isolation_forest,216,0.9969230769230769,0.5988909426987061,0.9523300513807551
isolation_forest,217,0.9938461538461538,0.5981481481481481,0.9523300513807551
isolation_forest,218,0.9938461538461538,0.5992578849721707,0.9523300513807551
isolation_forest,219,0.9938461538461538,0.6003717472118959,0.9523300513807551
isolation_forest,220,0.9938461538461538,0.6026119402985075,0.9523300513807551
isolation_forest,221,0.9907692307692307,0.6018691588785047,0.9523300513807551
isolation_forest,222,0.9907692307692307,0.602996254681648,0.9523300513807551
isolation_forest,223,0.9907692307692307,0.6041275797373359,0.9523300513807551
isolation_forest,224,0.9907692307692307,0.6052631578947368,0.9523300513807551
isolation_forest,225,0.9907692307692307,0.6064030131826742,0.9523300513807551
isolation_forest,226,0.9907692307692307,0.6075471698113207,0.9523300513807551
isolation_forest,227,0.9907692307692307,0.6180422264875239,0.9523300513807551
isolation_forest,228,0.9907692307692307,0.6192307692307693,0.9523300513807551
isolation_forest,229,0.9876923076923076,0.6184971098265896,0.9523300513807551
isolation_forest,230,0.9876923076923076,0.6196911196911197,0.9523300513807551
isolation_forest,231,0.9876923076923076,0.620889748549323,0.9523300513807551
isolation_forest,232,0.9876923076923076,0.6233009708737864,0.9523300513807551
isolation_forest,233,0.9876923076923076,0.6381709741550696,0.9523300513807551
isolation_forest,234,0.9876923076923076,0.6432865731462926,0.9523300513807551
isolation_forest,235,0.9876923076923076,0.6445783132530121,0.9523300513807551
isolation_forest,236,0.9876923076923076,0.6458752515090543,0.9523300513807551
isolation_forest,237,0.9876923076923076,0.6471774193548387,0.9523300513807551
isolation_forest,238,0.9876923076923076,0.6537678207739308,0.9523300513807551
isolation_forest,239,0.9876923076923076,0.6551020408163265,0.9523300513807551
isolation_forest,240,0.9876923076923076,0.6618556701030928,0.9523300513807551
isolation_forest,241,0.9876923076923076,0.6632231404958677,0.9523300513807551
isolation_forest,242,0.9876923076923076,0.6645962732919255,0.9523300513807551
isolation_forest,243,0.9876923076923076,0.6757894736842105,0.9523300513807551
isolation_forest,244,0.9876923076923076,0.6772151898734177,0.9523300513807551
isolation_forest,245,0.9876923076923076,0.678646934460888,0.9523300513807551
isolation_forest,246,0.9846153846153847,0.6779661016949152,0.9523300513807551
isolation_forest,247,0.9846153846153847,0.6794055201698513,0.9523300513807551
isolation_forest,248,0.9846153846153847,0.7048458149779736,0.9523300513807551
isolation_forest,249,0.9846153846153847,0.7111111111111111,0.9523300513807551
isolation_forest,250,0.9846153846153847,0.7126948775055679,0.9523300513807551
isolation_forest,251,0.9846153846153847,0.7142857142857143,0.9523300513807551
isolation_forest,252,0.9846153846153847,0.7174887892376681,0.9523300513807551
isolation_forest,253,0.9815384615384616,0.7168539325842697,0.9523300513807551
isolation_forest,254,0.9815384615384616,0.7184684684684685,0.9523300513807551
isolation_forest,255,0.9784615384615385,0.7194570135746606,0.9523300513807551
isolation_forest,256,0.9784615384615385,0.7210884353741497,0.9523300513807551
isolation_forest,257,0.9784615384615385,0.724373576309795,0.9523300513807551
isolation_forest,258,0.9784615384615385,0.7293577981651376,0.9523300513807551
isolation_forest,259,0.9784615384615385,0.7310344827586207,0.9523300513807551
isolation_forest,260,0.9753846153846154,0.7304147465437788,0.9523300513807551
isolation_forest,261,0.9723076923076923,0.7297921478060047,0.9523300513807551
isolation_forest,262,0.9723076923076923,0.7331786542923434,0.9523300513807551
isolation_forest,263,0.9723076923076923,0.7348837209302326,0.9523300513807551
isolation_forest,264,0.9723076923076923,0.7383177570093458,0.9523300513807551
isolation_forest,265,0.9692307692307692,0.7377049180327869,0.9523300513807551
isolation_forest,266,0.9692307692307692,0.7429245283018868,0.9523300513807551
isolation_forest,267,0.9661538461538461,0.7423167848699763,0.9523300513807551
isolation_forest,268,0.9661538461538461,0.7677261613691931,0.9523300513807551
isolation_forest,269,0.9661538461538461,0.7696078431372549,0.9523300513807551
isolation_forest,270,0.963076923076923,0.769041769041769,0.9523300513807551
isolation_forest,271,0.963076923076923,0.7747524752475248,0.9523300513807551
isolation_forest,272,0.96,0.7741935483870968,0.9523300513807551
isolation_forest,273,0.96,0.7761194029850746,0.9523300513807551
isolation_forest,274,0.9569230769230769,0.7755610972568578,0.9523300513807551
isolation_forest,275,0.9538461538461539,0.775,0.9523300513807551
isolation_forest,276,0.9507692307692308,0.7744360902255639,0.9523300513807551
isolation_forest,277,0.9476923076923077,0.7738693467336684,0.9523300513807551
isolation_forest,278,0.9476923076923077,0.7758186397984886,0.9523300513807551
isolation_forest,279,0.9476923076923077,0.7777777777777778,0.9523300513807551
isolation_forest,280,0.9476923076923077,0.779746835443038,0.9523300513807551
isolation_forest,281,0.9476923076923077,0.7857142857142857,0.9523300513807551
isolation_forest,282,0.9476923076923077,0.7877237851662404,0.9523300513807551
isolation_forest,283,0.9476923076923077,0.7917737789203085,0.9523300513807551
isolation_forest,284,0.9446153846153846,0.7912371134020618,0.9523300513807551
isolation_forest,285,0.9415384615384615,0.7906976744186046,0.9523300513807551
isolation_forest,286,0.9384615384615385,0.7901554404145078,0.9523300513807551
isolation_forest,287,0.9353846153846154,0.7896103896103897,0.9523300513807551
isolation_forest,288,0.9323076923076923,0.7890625,0.9523300513807551
isolation_forest,289,0.9292307692307692,0.7885117493472585,0.9523300513807551
isolation_forest,290,0.9261538461538461,0.7879581151832461,0.9523300513807551
isolation_forest,291,0.9261538461538461,0.7900262467191601,0.9523300513807551
isolation_forest,292,0.9230769230769231,0.7894736842105263,0.9523300513807551
isolation_forest,293,0.9230769230769231,0.8130081300813008,0.9523300513807551
isolation_forest,294,0.92,0.8125,0.9523300513807551
isolation_forest,295,0.916923076923077,0.8119891008174387,0.9523300513807551
isolation_forest,296,0.916923076923077,0.8142076502732241,0.9523300513807551
isolation_forest,297,0.916923076923077,0.8277777777777777,0.9523300513807551
isolation_forest,298,0.9138461538461539,0.8272980501392758,0.9523300513807551
isolation_forest,299,0.9138461538461539,0.8296089385474861,0.9523300513807551
isolation_forest,300,0.9138461538461539,0.8342696629213483,0.9523300513807551
isolation_forest,301,0.9138461538461539,0.8366197183098592,0.9523300513807551
isolation_forest,302,0.9138461538461539,0.8389830508474576,0.9523300513807551
isolation_forest,303,0.9107692307692308,0.8385269121813032,0.9523300513807551
isolation_forest,304,0.9107692307692308,0.8757396449704142,0.9523300513807551
isolation_forest,305,0.9076923076923077,0.8753709198813057,0.9523300513807551
isolation_forest,306,0.9046153846153846,0.875,0.9523300513807551
isolation_forest,307,0.9046153846153846,0.8776119402985074,0.9523300513807551
isolation_forest,308,0.9046153846153846,0.8802395209580839,0.9523300513807551
isolation_forest,309,0.9015384615384615,0.8798798798798799,0.9523300513807551
isolation_forest,310,0.8984615384615384,0.8795180722891566,0.9523300513807551
isolation_forest,311,0.8953846153846153,0.879154078549849,0.9523300513807551
isolation_forest,312,0.8923076923076924,0.8787878787878788,0.9523300513807551
isolation_forest,313,0.8923076923076924,0.8814589665653495,0.9523300513807551
isolation_forest,314,0.8923076923076924,0.8868501529051988,0.9523300513807551
isolation_forest,315,0.8923076923076924,0.8978328173374613,0.9523300513807551
isolation_forest,316,0.8923076923076924,0.9006211180124224,0.9523300513807551
isolation_forest,317,0.8923076923076924,0.9034267912772586,0.9523300513807551
isolation_forest,318,0.8892307692307693,0.903125,0.9523300513807551
isolation_forest,319,0.8861538461538462,0.9028213166144201,0.9523300513807551
isolation_forest,320,0.8861538461538462,0.9056603773584906,0.9523300513807551
isolation_forest,321,0.8830769230769231,0.9053627760252366,0.9523300513807551
isolation_forest,322,0.88,0.9050632911392406,0.9523300513807551
isolation_forest,323,0.8769230769230769,0.9047619047619048,0.9523300513807551
isolation_forest,324,0.8738461538461538,0.9044585987261147,0.9523300513807551
isolation_forest,325,0.8738461538461538,0.9073482428115016,0.9523300513807551
isolation_forest,326,0.8738461538461538,0.922077922077922,0.9523300513807551
isolation_forest,327,0.8707692307692307,0.9218241042345277,0.9523300513807551
isolation_forest,328,0.8676923076923077,0.9215686274509803,0.9523300513807551
isolation_forest,329,0.8553846153846154,0.9205298013245033,0.9523300513807551
isolation_forest,330,0.8523076923076923,0.920265780730897,0.9523300513807551
isolation_forest,331,0.8492307692307692,0.92,0.9523300513807551
isolation_forest,332,0.8461538461538461,0.919732441471572,0.9523300513807551
isolation_forest,333,0.8430769230769231,0.9194630872483222,0.9523300513807551
isolation_forest,334,0.84,0.9191919191919192,0.9523300513807551
isolation_forest,335,0.8369230769230769,0.918918918918919,0.9523300513807551
isolation_forest,336,0.8338461538461538,0.9186440677966101,0.9523300513807551
isolation_forest,337,0.8307692307692308,0.9183673469387755,0.9523300513807551
isolation_forest,338,0.8307692307692308,0.9246575342465754,0.9523300513807551
isolation_forest,339,0.8276923076923077,0.9243986254295533,0.9523300513807551
isolation_forest,340,0.8276923076923077,0.9275862068965517,0.9523300513807551
isolation_forest,341,0.8246153846153846,0.9273356401384083,0.9523300513807551
isolation_forest,342,0.8215384615384616,0.9270833333333334,0.9523300513807551
isolation_forest,343,0.8184615384615385,0.926829268292683,0.9523300513807551
isolation_forest,344,0.8153846153846154,0.9265734265734266,0.9523300513807551
isolation_forest,345,0.8123076923076923,0.9263157894736842,0.9523300513807551
isolation_forest,346,0.8092307692307692,0.926056338028169,0.9523300513807551
isolation_forest,347,0.8061538461538461,0.9257950530035336,0.9523300513807551
isolation_forest,348,0.8061538461538461,0.9424460431654677,0.9523300513807551
isolation_forest,349,0.803076923076923,0.9422382671480144,0.9523300513807551
isolation_forest,350,0.8,0.9420289855072463,0.9523300513807551
isolation_forest,351,0.796923076923077,0.9418181818181818,0.9523300513807551
isolation_forest,352,0.7938461538461539,0.9416058394160584,0.9523300513807551
isolation_forest,353,0.7907692307692308,0.9413919413919414,0.9523300513807551
isolation_forest,354,0.7876923076923077,0.9411764705882353,0.9523300513807551
isolation_forest,355,0.7876923076923077,0.9446494464944649,0.9523300513807551
isolation_forest,356,0.7815384615384615,0.9442379182156134,0.9523300513807551
isolation_forest,357,0.7784615384615384,0.9440298507462687,0.9523300513807551
isolation_forest,358,0.7753846153846153,0.9438202247191011,0.9523300513807551
isolation_forest,359,0.7723076923076924,0.943609022556391,0.9523300513807551
isolation_forest,360,0.7692307692307693,0.9433962264150944,0.9523300513807551
isolation_forest,361,0.7661538461538462,0.9431818181818182,0.9523300513807551
isolation_forest,362,0.7630769230769231,0.9429657794676806,0.9523300513807551
isolation_forest,363,0.7630769230769231,0.9465648854961832,0.9523300513807551
isolation_forest,364,0.76,0.946360153256705,0.9523300513807551
isolation_forest,365,0.7538461538461538,0.9459459459459459,0.9523300513807551
isolation_forest,366,0.7507692307692307,0.9457364341085271,0.9523300513807551
isolation_forest,367,0.7476923076923077,0.9455252918287937,0.9523300513807551
isolation_forest,368,0.7476923076923077,0.94921875,0.9523300513807551
isolation_forest,369,0.7446153846153846,0.9490196078431372,0.9523300513807551
isolation_forest,370,0.7415384615384616,0.9488188976377953,0.9523300513807551
isolation_forest,371,0.7384615384615385,0.9486166007905138,0.9523300513807551
isolation_forest,372,0.7353846153846154,0.9484126984126984,0.9523300513807551
isolation_forest,373,0.7323076923076923,0.9482071713147411,0.9523300513807551
isolation_forest,374,0.7292307692307692,0.948,0.9523300513807551
isolation_forest,375,0.7261538461538461,0.9477911646586346,0.9523300513807551
isolation_forest,376,0.7230769230769231,0.9475806451612904,0.9523300513807551
isolation_forest,377,0.72,0.9473684210526315,0.9523300513807551
isolation_forest,378,0.7169230769230769,0.9471544715447154,0.9523300513807551
isolation_forest,379,0.7107692307692308,0.9467213114754098,0.9523300513807551
isolation_forest,380,0.7076923076923077,0.9465020576131687,0.9523300513807551
isolation_forest,381,0.7046153846153846,0.9462809917355371,0.9523300513807551
isolation_forest,382,0.7015384615384616,0.946058091286307,0.9523300513807551
isolation_forest,383,0.7015384615384616,0.9539748953974896,0.9523300513807551
isolation_forest,384,0.6984615384615385,0.9537815126050421,0.9523300513807551
isolation_forest,385,0.6953846153846154,0.9535864978902954,0.9523300513807551
isolation_forest,386,0.6892307692307692,0.9531914893617022,0.9523300513807551
isolation_forest,387,0.6892307692307692,0.9572649572649573,0.9523300513807551
isolation_forest,388,0.6861538461538461,0.9570815450643777,0.9523300513807551
isolation_forest,389,0.683076923076923,0.9568965517241379,0.9523300513807551
isolation_forest,390,0.676923076923077,0.9565217391304348,0.9523300513807551
isolation_forest,391,0.6738461538461539,0.9563318777292577,0.9523300513807551
isolation_forest,392,0.6707692307692308,0.956140350877193,0.9523300513807551
isolation_forest,393,0.6676923076923077,0.9559471365638766,0.9523300513807551
isolation_forest,394,0.6646153846153846,0.9557522123893806,0.9523300513807551
isolation_forest,395,0.6584615384615384,0.9553571428571429,0.9523300513807551
isolation_forest,396,0.6553846153846153,0.9551569506726457,0.9523300513807551
isolation_forest,397,0.6492307692307693,0.9547511312217195,0.9523300513807551
isolation_forest,398,0.6492307692307693,0.9723502304147466,0.9523300513807551
isolation_forest,399,0.6461538461538462,0.9722222222222222,0.9523300513807551
isolation_forest,400,0.6461538461538462,0.9767441860465116,0.9523300513807551
isolation_forest,401,0.6461538461538462,0.9813084112149533,0.9523300513807551
isolation_forest,402,0.6430769230769231,0.9812206572769953,0.9523300513807551
isolation_forest,403,0.64,0.9811320754716981,0.9523300513807551
isolation_forest,404,0.6369230769230769,0.981042654028436,0.9523300513807551
isolation_forest,405,0.6338461538461538,0.9809523809523809,0.9523300513807551
isolation_forest,406,0.6307692307692307,0.9808612440191388,0.9523300513807551
isolation_forest,407,0.6276923076923077,0.9807692307692307,0.9523300513807551
isolation_forest,408,0.6215384615384615,0.9805825242718447,0.9523300513807551
isolation_forest,409,0.6153846153846154,0.9803921568627451,0.9523300513807551
isolation_forest,410,0.6092307692307692,0.9801980198019802,0.9523300513807551
isolation_forest,411,0.6061538461538462,0.9800995024875622,0.9523300513807551
isolation_forest,412,0.6030769230769231,0.98,0.9523300513807551
isolation_forest,413,0.5907692307692308,0.9795918367346939,0.9523300513807551
isolation_forest,414,0.5723076923076923,0.9789473684210527,0.9523300513807551
isolation_forest,415,0.563076923076923,0.9786096256684492,0.9523300513807551
isolation_forest,416,0.563076923076923,0.9838709677419355,0.9523300513807551
isolation_forest,417,0.56,0.9837837837837838,0.9523300513807551
isolation_forest,418,0.556923076923077,0.9836956521739131,0.9523300513807551
isolation_forest,419,0.5538461538461539,0.9836065573770492,0.9523300513807551
isolation_forest,420,0.5538461538461539,0.989010989010989,0.9523300513807551
isolation_forest,421,0.5476923076923077,0.9888888888888889,0.9523300513807551
isolation_forest,422,0.5446153846153846,0.9888268156424581,0.9523300513807551
isolation_forest,423,0.5415384615384615,0.9887640449438202,0.9523300513807551
isolation_forest,424,0.5261538461538462,0.9884393063583815,0.9523300513807551
isolation_forest,425,0.52,0.9883040935672515,0.9523300513807551
isolation_forest,426,0.5169230769230769,0.9882352941176471,0.9523300513807551
isolation_forest,427,0.5076923076923077,0.9880239520958084,0.9523300513807551
isolation_forest,428,0.5046153846153846,0.9879518072289156,0.9523300513807551
isolation_forest,429,0.5015384615384615,0.9878787878787879,0.9523300513807551
isolation_forest,430,0.49846153846153846,0.9878048780487805,0.9523300513807551
isolation_forest,431,0.48923076923076925,0.9875776397515528,0.9523300513807551
isolation_forest,432,0.48307692307692307,0.9874213836477987,0.9523300513807551
isolation_forest,433,0.48,0.9873417721518988,0.9523300513807551
isolation_forest,434,0.47692307692307695,0.9872611464968153,0.9523300513807551
isolation_forest,435,0.47384615384615386,0.9871794871794872,0.9523300513807551
isolation_forest,436,0.47384615384615386,0.9935483870967742,0.9523300513807551
isolation_forest,437,0.46153846153846156,0.9933774834437086,0.9523300513807551
isolation_forest,438,0.4584615384615385,0.9933333333333333,0.9523300513807551
isolation_forest,439,0.4553846153846154,0.9932885906040269,0.9523300513807551
isolation_forest,440,0.4523076923076923,0.9932432432432432,0.9523300513807551
isolation_forest,441,0.4492307692307692,0.9931972789115646,0.9523300513807551
isolation_forest,442,0.4461538461538462,0.9931506849315068,0.9523300513807551
isolation_forest,443,0.4338461538461538,0.9929577464788732,0.9523300513807551
isolation_forest,444,0.4276923076923077,0.9928571428571429,0.9523300513807551
isolation_forest,445,0.4246153846153846,0.9928057553956835,0.9523300513807551
isolation_forest,446,0.42153846153846153,0.9927536231884058,0.9523300513807551
isolation_forest,447,0.41846153846153844,0.9927007299270073,0.9523300513807551
isolation_forest,448,0.4153846153846154,0.9926470588235294,0.9523300513807551
isolation_forest,449,0.4123076923076923,0.9925925925925926,0.9523300513807551
isolation_forest,450,0.40307692307692305,0.9924242424242424,0.9523300513807551
isolation_forest,451,0.39692307692307693,0.9923076923076923,0.9523300513807551
isolation_forest,452,0.39384615384615385,0.9922480620155039,0.9523300513807551
isolation_forest,453,0.39076923076923076,0.9921875,0.9523300513807551
isolation_forest,454,0.38769230769230767,0.9921259842519685,0.9523300513807551
isolation_forest,455,0.38461538461538464,0.9920634920634921,0.9523300513807551
isolation_forest,456,0.38153846153846155,0.992,0.9523300513807551
isolation_forest,457,0.37538461538461537,0.991869918699187,0.9523300513807551
isolation_forest,458,0.36923076923076925,0.9917355371900827,0.9523300513807551
isolation_forest,459,0.3630769230769231,0.9915966386554622,0.9523300513807551
isolation_forest,460,0.36,0.9915254237288136,0.9523300513807551
isolation_forest,461,0.3569230769230769,0.9914529914529915,0.9523300513807551
isolation_forest,462,0.35384615384615387,0.9913793103448276,0.9523300513807551
isolation_forest,463,0.3476923076923077,0.9912280701754386,0.9523300513807551
isolation_forest,464,0.3446153846153846,0.9911504424778761,0.9523300513807551
isolation_forest,465,0.3415384615384615,0.9910714285714286,0.9523300513807551
isolation_forest,466,0.3384615384615385,0.990990990990991,0.9523300513807551
isolation_forest,467,0.3353846153846154,0.990909090909091,0.9523300513807551
isolation_forest,468,0.3323076923076923,0.9908256880733946,0.9523300513807551
isolation_forest,469,0.3261538461538461,0.9906542056074766,0.9523300513807551
isolation_forest,470,0.3230769230769231,0.9905660377358491,0.9523300513807551
isolation_forest,471,0.32,0.9904761904761905,0.9523300513807551
isolation_forest,472,0.3169230769230769,0.9903846153846154,0.9523300513807551
isolation_forest,473,0.31076923076923074,0.9901960784313726,0.9523300513807551
isolation_forest,474,0.30153846153846153,0.98989898989899,0.9523300513807551
isolation_forest,475,0.29846153846153844,0.9897959183673469,0.9523300513807551
isolation_forest,476,0.2953846153846154,0.9896907216494846,0.9523300513807551
isolation_forest,477,0.2923076923076923,0.9895833333333334,0.9523300513807551
isolation_forest,478,0.28923076923076924,0.9894736842105263,0.9523300513807551
isolation_forest,479,0.28307692307692306,0.989247311827957,0.9523300513807551
isolation_forest,480,0.28,0.9891304347826086,0.9523300513807551
isolation_forest,481,0.27076923076923076,0.9887640449438202,0.9523300513807551
isolation_forest,482,0.2676923076923077,0.9886363636363636,0.9523300513807551
isolation_forest,483,0.26461538461538464,0.9885057471264368,0.9523300513807551
isolation_forest,484,0.26153846153846155,0.9883720930232558,0.9523300513807551
isolation_forest,485,0.2553846153846154,0.9880952380952381,0.9523300513807551
isolation_forest,486,0.2523076923076923,0.9879518072289156,0.9523300513807551
isolation_forest,487,0.24923076923076923,0.9878048780487805,0.9523300513807551
isolation_forest,488,0.24615384615384617,0.9876543209876543,0.9523300513807551
isolation_forest,489,0.23692307692307693,0.9871794871794872,0.9523300513807551
isolation_forest,490,0.23384615384615384,0.987012987012987,0.9523300513807551
isolation_forest,491,0.2276923076923077,0.9866666666666667,0.9523300513807551
isolation_forest,492,0.2246153846153846,0.9864864864864865,0.9523300513807551
isolation_forest,493,0.21846153846153846,0.9861111111111112,0.9523300513807551
isolation_forest,494,0.2153846153846154,0.9859154929577465,0.9523300513807551
isolation_forest,495,0.2123076923076923,0.9857142857142858,0.9523300513807551
isolation_forest,496,0.20923076923076922,0.9855072463768116,0.9523300513807551
isolation_forest,497,0.20615384615384616,0.9852941176470589,0.9523300513807551
isolation_forest,498,0.20307692307692307,0.9850746268656716,0.9523300513807551
isolation_forest,499,0.2,0.9848484848484849,0.9523300513807551
isolation_forest,500,0.19692307692307692,0.9846153846153847,0.9523300513807551
isolation_forest,501,0.19076923076923077,0.9841269841269841,0.9523300513807551
isolation_forest,502,0.18769230769230769,0.9838709677419355,0.9523300513807551
isolation_forest,503,0.18153846153846154,0.9833333333333333,0.9523300513807551
isolation_forest,504,0.17846153846153845,0.9830508474576272,0.9523300513807551
isolation_forest,505,0.1753846153846154,0.9827586206896551,0.9523300513807551
isolation_forest,506,0.16615384615384615,0.9818181818181818,0.9523300513807551
isolation_forest,507,0.16307692307692306,0.9814814814814815,0.9523300513807551
isolation_forest,508,0.15692307692307692,0.9807692307692307,0.9523300513807551
isolation_forest,509,0.15076923076923077,0.98,0.9523300513807551
isolation_forest,510,0.1476923076923077,0.9795918367346939,0.9523300513807551
isolation_forest,511,0.14461538461538462,0.9791666666666666,0.9523300513807551
isolation_forest,512,0.14153846153846153,0.9787234042553191,0.9523300513807551
isolation_forest,513,0.13538461538461538,0.9777777777777777,0.9523300513807551
isolation_forest,514,0.13230769230769232,0.9772727272727273,0.9523300513807551
isolation_forest,515,0.12923076923076923,0.9767441860465116,0.9523300513807551
isolation_forest,516,0.12615384615384614,0.9761904761904762,0.9523300513807551
isolation_forest,517,0.12,0.975,0.9523300513807551
isolation_forest,518,0.11692307692307692,0.9743589743589743,0.9523300513807551
isolation_forest,519,0.11384615384615385,0.9736842105263158,0.9523300513807551
isolation_forest,520,0.11076923076923077,0.972972972972973,0.9523300513807551
isolation_forest,521,0.1076923076923077,0.9722222222222222,0.9523300513807551
isolation_forest,522,0.09230769230769231,0.967741935483871,0.9523300513807551
isolation_forest,523,0.08923076923076922,0.9666666666666667,0.9523300513807551
isolation_forest,524,0.08615384615384615,0.9655172413793104,0.9523300513807551
isolation_forest,525,0.08615384615384615,1.0,0.9523300513807551
isolation_forest,526,0.08307692307692308,1.0,0.9523300513807551
isolation_forest,527,0.08,1.0,0.9523300513807551
isolation_forest,528,0.07384615384615385,1.0,0.9523300513807551
isolation_forest,529,0.07076923076923076,1.0,0.9523300513807551
isolation_forest,530,0.06769230769230769,1.0,0.9523300513807551
isolation_forest,531,0.06461538461538462,1.0,0.9523300513807551
isolation_forest,532,0.06153846153846154,1.0,0.9523300513807551
isolation_forest,533,0.04923076923076923,1.0,0.9523300513807551
isolation_forest,534,0.04,1.0,0.9523300513807551
isolation_forest,535,0.036923076923076927,1.0,0.9523300513807551
isolation_forest,536,0.033846153846153845,1.0,0.9523300513807551
isolation_forest,537,0.03076923076923077,1.0,0.9523300513807551
isolation_forest,538,0.024615384615384615,1.0,0.9523300513807551
isolation_forest,539,0.021538461538461538,1.0,0.9523300513807551
isolation_forest,540,0.018461538461538463,1.0,0.9523300513807551
isolation_forest,541,0.015384615384615385,1.0,0.9523300513807551
isolation_forest,542,0.012307692307692308,1.0,0.9523300513807551
isolation_forest,543,0.009230769230769232,1.0,0.9523300513807551
isolation_forest,544,0.006153846153846154,1.0,0.9523300513807551
isolation_forest,545,0.003076923076923077,1.0,0.9523300513807551
isolation_forest,546,0.0,1.0,0.9523300513807551
lof,0,1.0,0.2959927140255009,0.9748543995310475
lof,1,1.0,0.2981651376146789,0.9748543995310475
lof,2,1.0,0.2995391705069124,0.9748543995310475
lof,3,1.0,0.3020446096654275,0.9748543995310475
lof,4,1.0,0.3034547152194211,0.9748543995310475
lof,5,1.0,0.3060263653483992,0.9748543995310475
lof,6,1.0,0.30864197530864196,0.9748543995310475
lof,7,1.0,0.30922930542340626,0.9748543995310475
lof,8,1.0,0.30952380952380953,0.9748543995310475
lof,9,1.0,0.3101145038167939,0.9748543995310475
lof,10,1.0,0.31431334622823986,0.9748543995310475
lof,11,1.0,0.31522793404461685,0.9748543995310475
lof,12,1.0,0.31645569620253167,0.9748543995310475
lof,13,1.0,0.3170731707317073,0.9748543995310475
lof,14,1.0,0.3176930596285435,0.9748543995310475
lof,15,1.0,0.31831537708129287,0.9748543995310475
lof,16,1.0,0.31862745098039214,0.9748543995310475
lof,17,1.0,0.3192534381139489,0.9748543995310475
lof,18,1.0,0.319567354965585,0.9748543995310475
lof,19,1.0,0.3217821782178218,0.9748543995310475
lof,20,1.0,0.32242063492063494,0.9748543995310475
lof,21,1.0,0.32338308457711445,0.9748543995310475
lof,22,1.0,0.3240279162512463,0.9748543995310475
lof,23,1.0,0.32435129740518964,0.9748543995310475
lof,24,1.0,0.32729103726082576,0.9748543995310475
lof,25,1.0,0.3299492385786802,0.9748543995310475
lof,26,1.0,0.33028455284552843,0.9748543995310475
lof,27,1.0,0.33095723014256617,0.9748543995310475
lof,28,1.0,0.3312945973496432,0.9748543995310475
lof,29,1.0,0.3319713993871297,0.9748543995310475
lof,30,1.0,0.3323108384458078,0.9748543995310475
lof,31,1.0,0.3333333333333333,0.9748543995310475
lof,32,1.0,0.3336755646817248,0.9748543995310475
lof,33,1.0,0.3340184994861254,0.9748543995310475
lof,34,1.0,0.33470648815653964,0.9748543995310475
lof,35,1.0,0.33505154639175255,0.9748543995310475
lof,36,1.0,0.33539731682146545,0.9748543995310475
lof,37,1.0,0.3364389233954451,0.9748543995310475
lof,38,1.0,0.33783783783783783,0.9748543995310475
lof,39,1.0,0.33889468196037537,0.9748543995310475
lof,40,1.0,0.3399581589958159,0.9748543995310475
lof,41,1.0,0.3403141361256545,0.9748543995310475
lof,42,1.0,0.34067085953878407,0.9748543995310475
lof,43,1.0,0.34210526315789475,0.9748543995310475
lof,44,1.0,0.3424657534246575,0.9748543995310475
lof,45,1.0,0.34318901795142553,0.9748543995310475
lof,46,1.0,0.3442796610169492,0.9748543995310475
lof,47,1.0,0.344644750795334,0.9748543995310475
lof,48,1.0,0.34574468085106386,0.9748543995310475
lof,49,1.0,0.34611288604898827,0.9748543995310475
lof,50,1.0,0.3464818763326226,0.9748543995310475
lof,51,1.0,0.3472222222222222,0.9748543995310475
lof,52,1.0,0.3483386923901393,0.9748543995310475
lof,53,1.0,0.3487124463519313,0.9748543995310475
lof,54,1.0,0.34983853606027987,0.9748543995310475
lof,55,1.0,0.3509719222462203,0.9748543995310475
lof,56,1.0,0.35135135135135137,0.9748543995310475
lof,57,1.0,0.352112676056338,0.9748543995310475
lof,58,1.0,0.3528773072747014,0.9748543995310475
lof,59,1.0,0.3540305010893246,0.9748543995310475
lof,60,1.0,0.3551912568306011,0.9748543995310475
lof,61,1.0,0.35635964912280704,0.9748543995310475
lof,62,1.0,0.35753575357535755,0.9748543995310475
lof,63,1.0,0.35911602209944754,0.9748543995310475
lof,64,1.0,0.3599114064230343,0.9748543995310475
lof,65,1.0,0.360310421286031,0.9748543995310475
lof,66,1.0,0.3607103218645949,0.9748543995310475
lof,67,1.0,0.3627232142857143,0.9748543995310475
lof,68,1.0,0.3635346756152125,0.9748543995310475
lof,69,1.0,0.36434977578475336,0.9748543995310475
lof,70,1.0,0.36475869809203143,0.9748543995310475
lof,71,1.0,0.36599099099099097,0.9748543995310475
lof,72,1.0,0.36681715575620766,0.9748543995310475
lof,73,1.0,0.36764705882352944,0.9748543995310475
lof,74,1.0,0.36848072562358275,0.9748543995310475
lof,75,1.0,0.3701594533029613,0.9748543995310475
lof,76,1.0,0.37058152793614596,0.9748543995310475
lof,77,1.0,0.3710045662100457,0.9748543995310475
lof,78,1.0,0.37142857142857144,0.9748543995310475
lof,79,1.0,0.3722794959908362,0.9748543995310475
lof,80,1.0,0.37270642201834864,0.9748543995310475
lof,81,0.9969230769230769,0.3719862227324914,0.9748543995310475
lof,82,0.9969230769230769,0.3724137931034483,0.9748543995310475
lof,83,0.9969230769230769,0.37284234752589185,0.9748543995310475
lof,84,0.9969230769230769,0.37327188940092165,0.9748543995310475
lof,85,0.9969230769230769,0.3737024221453287,0.9748543995310475
lof,86,0.9969230769230769,0.3741339491916859,0.9748543995310475
lof,87,0.9969230769230769,0.37543453070683663,0.9748543995310475
lof,88,0.9969230769230769,0.3776223776223776,0.9748543995310475
lof,89,0.9969230769230769,0.3780630105017503,0.9748543995310475
lof,90,0.9969230769230769,0.37850467289719625,0.9748543995310475
lof,91,0.9969230769230769,0.3793911007025761,0.9748543995310475
lof,92,0.9969230769230769,0.3798358733880422,0.9748543995310475
lof,93,0.9969230769230769,0.38028169014084506,0.9748543995310475
lof,94,0.9969230769230769,0.3825265643447462,0.9748543995310475
lof,95,0.9969230769230769,0.3834319526627219,0.9748543995310475
lof,96,0.9969230769230769,0.3847980997624703,0.9748543995310475
lof,97,0.9969230769230769,0.38525564803804996,0.9748543995310475
lof,98,0.9969230769230769,0.38571428571428573,0.9748543995310475
lof,99,0.9969230769230769,0.38663484486873506,0.9748543995310475
lof,100,0.9969230769230769,0.38802395209580837,0.9748543995310475
lof,101,0.9969230769230769,0.38848920863309355,0.9748543995310475
lof,102,0.9969230769230769,0.38895558223289317,0.9748543995310475
lof,103,0.9969230769230769,0.3894230769230769,0.9748543995310475
lof,104,0.9969230769230769,0.39177750906892383,0.9748543995310475
lof,105,0.9969230769230769,0.3922518159806295,0.9748543995310475
lof,106,0.9969230769230769,0.3927272727272727,0.9748543995310475
lof,107,0.9969230769230769,0.393681652490887,0.9748543995310475
lof,108,0.9969230769230769,0.3946406820950061,0.9748543995310475
lof,109,0.9969230769230769,0.3951219512195122,0.9748543995310475
lof,110,0.9969230769230769,0.39657282741738065,0.9748543995310475
lof,111,0.9969230769230769,0.39803439803439805,0.9748543995310475
lof,112,0.9969230769230769,0.39901477832512317,0.9748543995310475
lof,113,0.9969230769230769,0.3995067817509248,0.9748543995310475
lof,114,0.9969230769230769,0.40148698884758366,0.9748543995310475
lof,115,0.9969230769230769,0.40248447204968946,0.9748543995310475
lof,116,0.9969230769230769,0.40348692403486924,0.9748543995310475
lof,117,0.9969230769230769,0.40399002493765584,0.9748543995310475
lof,118,0.9969230769230769,0.4044943820224719,0.9748543995310475
lof,119,0.9969230769230769,0.405,0.9748543995310475
lof,120,0.9969230769230769,0.40550688360450565,0.9748543995310475
lof,121,0.9969230769230769,0.4080604534005038,0.9748543995310475
lof,122,0.9969230769230769,0.4085750315258512,0.9748543995310475
lof,123,0.9969230769230769,0.41116751269035534,0.9748543995310475
lof,124,0.9969230769230769,0.41379310344827586,0.9748543995310475
lof,125,0.9969230769230769,0.4143222506393862,0.9748543995310475
lof,126,0.9969230769230769,0.4153846153846154,0.9748543995310475
lof,127,0.9969230769230769,0.4159178433889602,0.9748543995310475
lof,128,0.9969230769230769,0.41645244215938304,0.9748543995310475
lof,129,0.9938461538461538,0.4157014157014157,0.9748543995310475
lof,130,0.9938461538461538,0.4162371134020619,0.9748543995310475
lof,131,0.9938461538461538,0.4167741935483871,0.9748543995310475
lof,132,0.9938461538461538,0.417312661498708,0.9748543995310475
lof,133,0.9938461538461538,0.4183937823834197,0.9748543995310475
lof,134,0.9938461538461538,0.41893644617380027,0.9748543995310475
lof,135,0.9938461538461538,0.41948051948051945,0.9748543995310475
lof,136,0.9938461538461538,0.4205729166666667,0.9748543995310475
lof,137,0.9938461538461538,0.4211212516297262,0.9748543995310475
lof,138,0.9938461538461538,0.4222222222222222,0.9748543995310475
lof,139,0.9938461538461538,0.4238845144356955,0.9748543995310475
lof,140,0.9938461538461538,0.4244415243101183,0.9748543995310475
lof,141,0.9938461538461538,0.42724867724867727,0.9748543995310475
lof,142,0.9938461538461538,0.4278145695364238,0.9748543995310475
lof,143,0.9938461538461538,0.42838196286472147,0.9748543995310475
lof,144,0.9938461538461538,0.42895086321381143,0.9748543995310475
lof,145,0.9938461538461538,0.4323962516733601,0.9748543995310475
lof,146,0.9938461538461538,0.4358974358974359,0.9748543995310475
lof,147,0.9938461538461538,0.43766937669376693,0.9748543995310475
lof,148,0.9938461538461538,0.4388586956521739,0.9748543995310475
lof,149,0.9938461538461538,0.44005449591280654,0.9748543995310475
lof,150,0.9938461538461538,0.4406548431105048,0.9748543995310475
lof,151,0.9938461538461538,0.4412568306010929,0.9748543995310475
lof,152,0.9938461538461538,0.4418604651162791,0.9748543995310475
lof,153,0.9938461538461538,0.44368131868131866,0.9748543995310475
lof,154,0.9938461538461538,0.4442916093535076,0.9748543995310475
lof,155,0.9938461538461538,0.44613259668508287,0.9748543995310475
lof,156,0.9938461538461538,0.4467496542185339,0.9748543995310475
lof,157,0.9938461538461538,0.4504881450488145,0.9748543995310475
lof,158,0.9938461538461538,0.4523809523809524,0.9748543995310475
lof,159,0.9938461538461538,0.453015427769986,0.9748543995310475
lof,160,0.9938461538461538,0.4542897327707454,0.9748543995310475
lof,161,0.9938461538461538,0.45492957746478874,0.9748543995310475
lof,162,0.9938461538461538,0.4562146892655367,0.9748543995310475
lof,163,0.9938461538461538,0.45750708215297453,0.9748543995310475
lof,164,0.9938461538461538,0.4581560283687943,0.9748543995310475
lof,165,0.9938461538461538,0.4588068181818182,0.9748543995310475
lof,166,0.9907692307692307,0.4586894586894587,0.9748543995310475
lof,167,0.9907692307692307,0.4593437945791726,0.9748543995310475
lof,168,0.9907692307692307,0.46,0.9748543995310475
lof,169,0.9907692307692307,0.46065808297567956,0.9748543995310475
lof,170,0.9907692307692307,0.46131805157593125,0.9748543995310475
lof,171,0.9907692307692307,0.4619799139167862,0.9748543995310475
lof,172,0.9907692307692307,0.46397694524495675,0.9748543995310475
lof,173,0.9907692307692307,0.46464646464646464,0.9748543995310475
lof,174,0.9907692307692307,0.4653179190751445,0.9748543995310475
lof,175,0.9907692307692307,0.46599131693198265,0.9748543995310475
lof,176,0.9907692307692307,0.4666666666666667,0.9748543995310475
lof,177,0.9907692307692307,0.46734397677793904,0.9748543995310475
lof,178,0.9907692307692307,0.46938775510204084,0.9748543995310475
lof,179,0.9907692307692307,0.47076023391812866,0.9748543995310475
lof,180,0.9907692307692307,0.47144948755490484,0.9748543995310475
lof,181,0.9907692307692307,0.47214076246334313,0.9748543995310475
lof,182,0.9907692307692307,0.4742268041237113,0.9748543995310475
lof,183,0.9907692307692307,0.4827586206896552,0.9748543995310475
lof,184,0.9907692307692307,0.4916030534351145,0.9748543995310475
lof,185,0.9907692307692307,0.4938650306748466,0.9748543995310475
lof,186,0.9907692307692307,0.49691358024691357,0.9748543995310475
lof,187,0.9907692307692307,0.49768160741885625,0.9748543995310475
lof,188,0.9907692307692307,0.4992248062015504,0.9748543995310475
lof,189,0.9907692307692307,0.5007776049766719,0.9748543995310475
lof,190,0.9907692307692307,0.5023400936037441,0.9748543995310475
lof,191,0.9907692307692307,0.503125,0.9748543995310475
lof,192,0.9907692307692307,0.5039123630672926,0.9748543995310475
lof,193,0.9907692307692307,0.5062893081761006,0.9748543995310475
lof,194,0.9907692307692307,0.5103011093502378,0.9748543995310475
lof,195,0.9907692307692307,0.5111111111111111,0.9748543995310475
lof,196,0.9876923076923076,0.5103338632750397,0.9748543995310475
lof,197,0.9876923076923076,0.5119617224880383,0.9748543995310475
lof,198,0.9876923076923076,0.512779552715655,0.9748543995310475
lof,199,0.9876923076923076,0.5160771704180064,0.9748543995310475
lof,200,0.9876923076923076,0.5169082125603864,0.9748543995310475
lof,201,0.9876923076923076,0.5177419354838709,0.9748543995310475
lof,202,0.9876923076923076,0.518578352180937,0.9748543995310475
lof,203,0.9876923076923076,0.5211038961038961,0.9748543995310475
lof,204,0.9876923076923076,0.5219512195121951,0.9748543995310475
lof,205,0.9876923076923076,0.5228013029315961,0.9748543995310475
lof,206,0.9876923076923076,0.5236541598694943,0.9748543995310475
lof,207,0.9876923076923076,0.5253682487725041,0.9748543995310475
lof,208,0.9876923076923076,0.5279605263157895,0.9748543995310475
lof,209,0.9876923076923076,0.528830313014827,0.9748543995310475
lof,210,0.9876923076923076,0.5297029702970297,0.9748543995310475
lof,211,0.9876923076923076,0.5332225913621262,0.9748543995310475
lof,212,0.9876923076923076,0.5367892976588629,0.9748543995310475
lof,213,0.9876923076923076,0.5468483816013628,0.9748543995310475
lof,214,0.9876923076923076,0.5496575342465754,0.9748543995310475
lof,215,0.9876923076923076,0.5611888111888111,0.9748543995310475
lof,216,0.9876923076923076,0.5621716287215411,0.9748543995310475
lof,217,0.9876923076923076,0.5631578947368421,0.9748543995310475
lof,218,0.9876923076923076,0.5641476274165202,0.9748543995310475
lof,219,0.9876923076923076,0.5651408450704225,0.9748543995310475
lof,220,0.9876923076923076,0.5661375661375662,0.9748543995310475
lof,221,0.9876923076923076,0.5671378091872792,0.9748543995310475
lof,222,0.9876923076923076,0.5846994535519126,0.9748543995310475
lof,223,0.9876923076923076,0.5857664233576643,0.9748543995310475
lof,224,0.9876923076923076,0.5868372943327239,0.9748543995310475
lof,225,0.9876923076923076,0.5879120879120879,0.9748543995310475
lof,226,0.9876923076923076,0.5900735294117647,0.9748543995310475
lof,227,0.9876923076923076,0.5922509225092251,0.9748543995310475
lof,228,0.9876923076923076,0.5955473098330241,0.9748543995310475
lof,229,0.9846153846153847,0.5947955390334573,0.9748543995310475
lof,230,0.9846153846153847,0.6015037593984962,0.9748543995310475
lof,231,0.9846153846153847,0.6049149338374291,0.9748543995310475
lof,232,0.9846153846153847,0.6060606060606061,0.9748543995310475
lof,233,0.9846153846153847,0.6072106261859582,0.9748543995310475
lof,234,0.9846153846153847,0.6083650190114068,0.9748543995310475
lof,235,0.9846153846153847,0.6118546845124283,0.9748543995310475
lof,236,0.9846153846153847,0.6142034548944337,0.9748543995310475
lof,237,0.9846153846153847,0.6153846153846154,0.9748543995310475
lof,238,0.9846153846153847,0.6165703275529865,0.9748543995310475
lof,239,0.9846153846153847,0.6177606177606177,0.9748543995310475
lof,240,0.9846153846153847,0.6189555125725339,0.9748543995310475
lof,241,0.9815384615384616,0.6182170542635659,0.9748543995310475
lof,242,0.9784615384615385,0.6174757281553398,0.9748543995310475
lof,243,0.9784615384615385,0.6186770428015564,0.9748543995310475
lof,244,0.9784615384615385,0.6198830409356725,0.9748543995310475
lof,245,0.9784615384615385,0.6309523809523809,0.9748543995310475
lof,246,0.9784615384615385,0.6322067594433399,0.9748543995310475
lof,247,0.9753846153846154,0.6314741035856574,0.9748543995310475
lof,248,0.9753846153846154,0.6327345309381237,0.9748543995310475
lof,249,0.9753846153846154,0.6352705410821643,0.9748543995310475
lof,250,0.9753846153846154,0.6378269617706237,0.9748543995310475
lof,251,0.9753846153846154,0.6563146997929606,0.9748543995310475
lof,252,0.9723076923076923,0.6556016597510373,0.9748543995310475
lof,253,0.9723076923076923,0.6583333333333333,0.9748543995310475
lof,254,0.9723076923076923,0.6597077244258872,0.9748543995310475
lof,255,0.9692307692307692,0.6589958158995816,0.9748543995310475
lof,256,0.9692307692307692,0.6702127659574468,0.9748543995310475
lof,257,0.9692307692307692,0.6730769230769231,0.9748543995310475
lof,258,0.9692307692307692,0.6745182012847966,0.9748543995310475
lof,259,0.9692307692307692,0.6788793103448276,0.9748543995310475
lof,260,0.9692307692307692,0.695364238410596,0.9748543995310475
lof,261,0.9692307692307692,0.6969026548672567,0.9748543995310475
lof,262,0.9661538461538461,0.6962305986696231,0.9748543995310475
lof,263,0.9661538461538461,0.6993318485523385,0.9748543995310475
lof,264,0.9661538461538461,0.7024608501118568,0.9748543995310475
lof,265,0.9661538461538461,0.7072072072072072,0.9748543995310475
lof,266,0.9661538461538461,0.715261958997722,0.9748543995310475
lof,267,0.9661538461538461,0.7185354691075515,0.9748543995310475
lof,268,0.9661538461538461,0.7201834862385321,0.9748543995310475
lof,269,0.9661538461538461,0.7268518518518519,0.9748543995310475
lof,270,0.9661538461538461,0.7353629976580797,0.9748543995310475
lof,271,0.963076923076923,0.7347417840375586,0.9748543995310475
lof,272,0.963076923076923,0.7364705882352941,0.9748543995310475
lof,273,0.963076923076923,0.7417061611374408,0.9748543995310475
lof,274,0.96,0.7410926365795725,0.9748543995310475
lof,275,0.96,0.7446300715990454,0.9748543995310475
lof,276,0.96,0.7464114832535885,0.9748543995310475
lof,277,0.96,0.75,0.9748543995310475
lof,278,0.96,0.7518072289156627,0.9748543995310475
lof,279,0.96,0.7554479418886199,0.9748543995310475
lof,280,0.9569230769230769,0.7548543689320388,0.9748543995310475
lof,281,0.9569230769230769,0.7566909975669099,0.9748543995310475
lof,282,0.9538461538461539,0.7560975609756098,0.9748543995310475
lof,283,0.9538461538461539,0.7579462102689487,0.9748543995310475
lof,284,0.9538461538461539,0.7868020304568528,0.9748543995310475
lof,285,0.9538461538461539,0.7888040712468194,0.9748543995310475
lof,286,0.9507692307692308,0.7882653061224489,0.9748543995310475
lof,287,0.9507692307692308,0.7902813299232737,0.9748543995310475
lof,288,0.9507692307692308,0.7923076923076923,0.9748543995310475
lof,289,0.9507692307692308,0.7963917525773195,0.9748543995310475
lof,290,0.9507692307692308,0.7984496124031008,0.9748543995310475
lof,291,0.9507692307692308,0.8005181347150259,0.9748543995310475
lof,292,0.9507692307692308,0.8046875,0.9748543995310475
lof,293,0.9507692307692308,0.8153034300791556,0.9748543995310475
lof,294,0.9507692307692308,0.8174603174603174,0.9748543995310475
lof,295,0.9476923076923077,0.8169761273209549,0.9748543995310475
lof,296,0.9446153846153846,0.8164893617021277,0.9748543995310475
lof,297,0.9446153846153846,0.8252688172043011,0.9748543995310475
lof,298,0.9446153846153846,0.8847262247838616,0.9748543995310475
lof,299,0.9415384615384615,0.884393063583815,0.9748543995310475
lof,300,0.9384615384615385,0.8840579710144928,0.9748543995310475
lof,301,0.9353846153846154,0.8837209302325582,0.9748543995310475
lof,302,0.9353846153846154,0.8862973760932945,0.9748543995310475
lof,303,0.9323076923076923,0.8859649122807017,0.9748543995310475
lof,304,0.9323076923076923,0.8885630498533724,0.9748543995310475
lof,305,0.9323076923076923,0.8911764705882353,0.9748543995310475
lof,306,0.9323076923076923,0.8938053097345132,0.9748543995310475
lof,307,0.9292307692307692,0.893491124260355,0.9748543995310475
lof,308,0.9261538461538461,0.8931750741839762,0.9748543995310475
lof,309,0.9261538461538461,0.8958333333333334,0.9748543995310475
lof,310,0.9230769230769231,0.8955223880597015,0.9748543995310475
lof,311,0.9230769230769231,0.8982035928143712,0.9748543995310475
lof,312,0.916923076923077,0.8975903614457831,0.9748543995310475
lof,313,0.916923076923077,0.9030303030303031,0.9748543995310475
lof,314,0.916923076923077,0.952076677316294,0.9748543995310475
lof,315,0.916923076923077,0.9551282051282052,0.9748543995310475
lof,316,0.9138461538461539,0.954983922829582,0.9748543995310475
lof,317,0.9107692307692308,0.9548387096774194,0.9748543995310475
lof,318,0.9107692307692308,0.9579288025889967,0.9748543995310475
lof,319,0.9076923076923077,0.9577922077922078,0.9748543995310475
lof,320,0.9076923076923077,0.9609120521172638,0.9748543995310475
lof,321,0.9046153846153846,0.9607843137254902,0.9748543995310475
lof,322,0.9015384615384615,0.9606557377049181,0.9748543995310475
lof,323,0.9015384615384615,0.966996699669967,0.9748543995310475
lof,324,0.9015384615384615,0.9701986754966887,0.9748543995310475
lof,325,0.8984615384615384,0.9700996677740864,0.9748543995310475
lof,326,0.8953846153846153,0.97,0.9748543995310475
lof,327,0.8923076923076924,0.9698996655518395,0.9748543995310475
lof,328,0.8923076923076924,0.9731543624161074,0.9748543995310475
lof,329,0.8923076923076924,0.9764309764309764,0.9748543995310475
lof,330,0.8892307692307693,0.9763513513513513,0.9748543995310475
lof,331,0.8861538461538462,0.976271186440678,0.9748543995310475
lof,332,0.88,0.9761092150170648,0.9748543995310475
lof,333,0.8769230769230769,0.976027397260274,0.9748543995310475
lof,334,0.8738461538461538,0.9759450171821306,0.9748543995310475
lof,335,0.8707692307692307,0.9758620689655172,0.9748543995310475
lof,336,0.8676923076923077,0.9757785467128027,0.9748543995310475
lof,337,0.8646153846153846,0.9756944444444444,0.9748543995310475
lof,338,0.8646153846153846,0.9790940766550522,0.9748543995310475
lof,339,0.8615384615384616,0.9790209790209791,0.9748543995310475
lof,340,0.8615384615384616,0.9824561403508771,0.9748543995310475
lof,341,0.8584615384615385,0.9823943661971831,0.9748543995310475
lof,342,0.8553846153846154,0.9823321554770318,0.9748543995310475
lof,343,0.8553846153846154,0.9858156028368794,0.9748543995310475
lof,344,0.8553846153846154,0.9893238434163701,0.9748543995310475
lof,345,0.8523076923076923,0.9892857142857143,0.9748543995310475
lof,346,0.8492307692307692,0.989247311827957,0.9748543995310475
lof,347,0.8461538461538461,0.9892086330935251,0.9748543995310475
lof,348,0.8461538461538461,0.9927797833935018,0.9748543995310475
lof,349,0.8430769230769231,0.9927536231884058,0.9748543995310475
lof,350,0.84,0.9927272727272727,0.9748543995310475
lof,351,0.8369230769230769,0.9927007299270073,0.9748543995310475
lof,352,0.8338461538461538,0.9926739926739927,0.9748543995310475
lof,353,0.8307692307692308,0.9926470588235294,0.9748543995310475
lof,354,0.8276923076923077,0.992619926199262,0.9748543995310475
lof,355,0.8246153846153846,0.9925925925925926,0.9748543995310475
lof,356,0.8215384615384616,0.9925650557620818,0.9748543995310475
lof,357,0.8215384615384616,0.996268656716418,0.9748543995310475
lof,358,0.8184615384615385,0.9962546816479401,0.9748543995310475
lof,359,0.8153846153846154,0.9962406015037594,0.9748543995310475
lof,360,0.8123076923076923,0.9962264150943396,0.9748543995310475
lof,361,0.8092307692307692,0.9962121212121212,0.9748543995310475
lof,362,0.8061538461538461,0.9961977186311787,0.9748543995310475
lof,363,0.803076923076923,0.9961832061068703,0.9748543995310475
lof,364,0.8,0.9961685823754789,0.9748543995310475
lof,365,0.796923076923077,0.9961538461538462,0.9748543995310475
lof,366,0.7938461538461539,0.9961389961389961,0.9748543995310475
lof,367,0.7907692307692308,0.9961240310077519,0.9748543995310475
lof,368,0.7876923076923077,0.9961089494163424,0.9748543995310475
lof,369,0.7846153846153846,0.99609375,0.9748543995310475
lof,370,0.7815384615384615,0.996078431372549,0.9748543995310475
lof,371,0.7784615384615384,0.9960629921259843,0.9748543995310475
lof,372,0.7753846153846153,0.9960474308300395,0.9748543995310475
lof,373,0.7723076923076924,0.996031746031746,0.9748543995310475
lof,374,0.7692307692307693,0.9960159362549801,0.9748543995310475
lof,375,0.7661538461538462,0.996,0.9748543995310475
lof,376,0.7630769230769231,0.9959839357429718,0.9748543995310475
lof,377,0.76,0.9959677419354839,0.9748543995310475
lof,378,0.7569230769230769,0.9959514170040485,0.9748543995310475
lof,379,0.7538461538461538,0.9959349593495935,0.9748543995310475
lof,380,0.7507692307692307,0.9959183673469387,0.9748543995310475
lof,381,0.7476923076923077,0.9959016393442623,0.9748543995310475
lof,382,0.7446153846153846,0.9958847736625515,0.9748543995310475
lof,383,0.7415384615384616,0.9958677685950413,0.9748543995310475
lof,384,0.7384615384615385,0.995850622406639,0.9748543995310475
lof,385,0.7353846153846154,0.9958333333333333,0.9748543995310475
lof,386,0.7323076923076923,0.99581589958159,0.9748543995310475
lof,387,0.7292307692307692,0.9957983193277311,0.9748543995310475
lof,388,0.7261538461538461,0.9957805907172996,0.9748543995310475
lof,389,0.7230769230769231,0.9957627118644068,0.9748543995310475
lof,390,0.72,0.9957446808510638,0.9748543995310475
lof,391,0.7169230769230769,0.9957264957264957,0.9748543995310475
lof,392,0.7138461538461538,0.9957081545064378,0.9748543995310475
lof,393,0.7107692307692308,0.9956896551724138,0.9748543995310475
lof,394,0.7076923076923077,0.9956709956709957,0.9748543995310475
lof,395,0.7046153846153846,0.9956521739130435,0.9748543995310475
lof,396,0.7015384615384616,0.9956331877729258,0.9748543995310475
lof,397,0.6984615384615385,0.9956140350877193,0.9748543995310475
lof,398,0.6953846153846154,0.9955947136563876,0.9748543995310475
lof,399,0.6923076923076923,0.995575221238938,0.9748543995310475
lof,400,0.6923076923076923,1.0,0.9748543995310475
lof,401,0.6892307692307692,1.0,0.9748543995310475
lof,402,0.6861538461538461,1.0,0.9748543995310475
lof,403,0.683076923076923,1.0,0.9748543995310475
lof,404,0.68,1.0,0.9748543995310475
lof,405,0.6738461538461539,1.0,0.9748543995310475
lof,406,0.6707692307692308,1.0,0.9748543995310475
lof,407,0.6676923076923077,1.0,0.9748543995310475
lof,408,0.6646153846153846,1.0,0.9748543995310475
lof,409,0.6615384615384615,1.0,0.9748543995310475
lof,410,0.6584615384615384,1.0,0.9748543995310475
lof,411,0.6553846153846153,1.0,0.9748543995310475
lof,412,0.6523076923076923,1.0,0.9748543995310475
lof,413,0.6492307692307693,1.0,0.9748543995310475
lof,414,0.6430769230769231,1.0,0.9748543995310475
lof,415,0.64,1.0,0.9748543995310475
lof,416,0.6369230769230769,1.0,0.9748543995310475
lof,417,0.6338461538461538,1.0,0.9748543995310475
lof,418,0.6307692307692307,1.0,0.9748543995310475
lof,419,0.6276923076923077,1.0,0.9748543995310475
lof,420,0.6246153846153846,1.0,0.9748543995310475
lof,421,0.6215384615384615,1.0,0.9748543995310475
lof,422,0.6184615384615385,1.0,0.9748543995310475
lof,423,0.6153846153846154,1.0,0.9748543995310475
lof,424,0.6123076923076923,1.0,0.9748543995310475
lof,425,0.6092307692307692,1.0,0.9748543995310475
lof,426,0.6061538461538462,1.0,0.9748543995310475
lof,427,0.6030769230769231,1.0,0.9748543995310475
lof,428,0.6,1.0,0.9748543995310475
lof,429,0.5969230769230769,1.0,0.9748543995310475
lof,430,0.5938461538461538,1.0,0.9748543995310475
lof,431,0.5907692307692308,1.0,0.9748543995310475
lof,432,0.5876923076923077,1.0,0.9748543995310475
lof,433,0.5846153846153846,1.0,0.9748543995310475
lof,434,0.5784615384615385,1.0,0.9748543995310475
lof,435,0.5753846153846154,1.0,0.9748543995310475
lof,436,0.5723076923076923,1.0,0.9748543995310475
lof,437,0.5692307692307692,1.0,0.9748543995310475
lof,438,0.5661538461538461,1.0,0.9748543995310475
lof,439,0.563076923076923,1.0,0.9748543995310475
lof,440,0.56,1.0,0.9748543995310475
lof,441,0.556923076923077,1.0,0.9748543995310475
lof,442,0.5538461538461539,1.0,0.9748543995310475
lof,443,0.5507692307692308,1.0,0.9748543995310475
lof,444,0.5476923076923077,1.0,0.9748543995310475
lof,445,0.5446153846153846,1.0,0.9748543995310475
lof,446,0.5415384615384615,1.0,0.9748543995310475
lof,447,0.5384615384615384,1.0,0.9748543995310475
lof,448,0.5353846153846153,1.0,0.9748543995310475
lof,449,0.5323076923076923,1.0,0.9748543995310475
lof,450,0.5292307692307693,1.0,0.9748543995310475
lof,451,0.5261538461538462,1.0,0.9748543995310475
lof,452,0.5230769230769231,1.0,0.9748543995310475
lof,453,0.52,1.0,0.9748543995310475
lof,454,0.5169230769230769,1.0,0.9748543995310475
lof,455,0.5138461538461538,1.0,0.9748543995310475
lof,456,0.5107692307692308,1.0,0.9748543995310475
lof,457,0.5076923076923077,1.0,0.9748543995310475
lof,458,0.5046153846153846,1.0,0.9748543995310475
lof,459,0.5015384615384615,1.0,0.9748543995310475
lof,460,0.49846153846153846,1.0,0.9748543995310475
lof,461,0.49538461538461537,1.0,0.9748543995310475
lof,462,0.49230769230769234,1.0,0.9748543995310475
lof,463,0.48923076923076925,1.0,0.9748543995310475
lof,464,0.48615384615384616,1.0,0.9748543995310475
lof,465,0.48307692307692307,1.0,0.9748543995310475
lof,466,0.48,1.0,0.9748543995310475
lof,467,0.47692307692307695,1.0,0.9748543995310475
lof,468,0.47384615384615386,1.0,0.9748543995310475
lof,469,0.4707692307692308,1.0,0.9748543995310475
lof,470,0.4676923076923077,1.0,0.9748543995310475
lof,471,0.4646153846153846,1.0,0.9748543995310475
lof,472,0.46153846153846156,1.0,0.9748543995310475
lof,473,0.4584615384615385,1.0,0.9748543995310475
lof,474,0.4553846153846154,1.0,0.9748543995310475
lof,475,0.4523076923076923,1.0,0.9748543995310475
lof,476,0.4492307692307692,1.0,0.9748543995310475
lof,477,0.4461538461538462,1.0,0.9748543995310475
lof,478,0.4430769230769231,1.0,0.9748543995310475
lof,479,0.44,1.0,0.9748543995310475
lof,480,0.4369230769230769,1.0,0.9748543995310475
lof,481,0.4338461538461538,1.0,0.9748543995310475
lof,482,0.4307692307692308,1.0,0.9748543995310475
lof,483,0.4276923076923077,1.0,0.9748543995310475
lof,484,0.42153846153846153,1.0,0.9748543995310475
lof,485,0.41846153846153844,1.0,0.9748543995310475
lof,486,0.4153846153846154,1.0,0.9748543995310475
lof,487,0.4123076923076923,1.0,0.9748543995310475
lof,488,0.40923076923076923,1.0,0.9748543995310475
lof,489,0.40615384615384614,1.0,0.9748543995310475
lof,490,0.40307692307692305,1.0,0.9748543995310475
lof,491,0.39692307692307693,1.0,0.9748543995310475
lof,492,0.39384615384615385,1.0,0.9748543995310475
lof,493,0.39076923076923076,1.0,0.9748543995310475
lof,494,0.38769230769230767,1.0,0.9748543995310475
lof,495,0.38461538461538464,1.0,0.9748543995310475
lof,496,0.37846153846153846,1.0,0.9748543995310475
lof,497,0.37538461538461537,1.0,0.9748543995310475
lof,498,0.3723076923076923,1.0,0.9748543995310475
lof,499,0.36923076923076925,1.0,0.9748543995310475
lof,500,0.36615384615384616,1.0,0.9748543995310475
lof,501,0.3630769230769231,1.0,0.9748543995310475
lof,502,0.36,1.0,0.9748543995310475
lof,503,0.3569230769230769,1.0,0.9748543995310475
lof,504,0.35384615384615387,1.0,0.9748543995310475
lof,505,0.3476923076923077,1.0,0.9748543995310475
lof,506,0.3446153846153846,1.0,0.9748543995310475
lof,507,0.3415384615384615,1.0,0.9748543995310475
lof,508,0.3384615384615385,1.0,0.9748543995310475
lof,509,0.3353846153846154,1.0,0.9748543995310475
lof,510,0.3323076923076923,1.0,0.9748543995310475
lof,511,0.3292307692307692,1.0,0.9748543995310475
lof,512,0.3261538461538461,1.0,0.9748543995310475
lof,513,0.3230769230769231,1.0,0.9748543995310475
lof,514,0.32,1.0,0.9748543995310475
lof,515,0.3169230769230769,1.0,0.9748543995310475
lof,516,0.31384615384615383,1.0,0.9748543995310475
lof,517,0.31076923076923074,1.0,0.9748543995310475
lof,518,0.3076923076923077,1.0,0.9748543995310475
lof,519,0.3046153846153846,1.0,0.9748543995310475
lof,520,0.30153846153846153,1.0,0.9748543995310475
lof,521,0.29846153846153844,1.0,0.9748543995310475
lof,522,0.2953846153846154,1.0,0.9748543995310475
lof,523,0.2923076923076923,1.0,0.9748543995310475
lof,524,0.28923076923076924,1.0,0.9748543995310475
lof,525,0.28615384615384615,1.0,0.9748543995310475
lof,526,0.28307692307692306,1.0,0.9748543995310475
lof,527,0.28,1.0,0.9748543995310475
lof,528,0.27692307692307694,1.0,0.9748543995310475
lof,529,0.27076923076923076,1.0,0.9748543995310475
lof,530,0.2676923076923077,1.0,0.9748543995310475
lof,531,0.26461538461538464,1.0,0.9748543995310475
lof,532,0.26153846153846155,1.0,0.9748543995310475
lof,533,0.25846153846153846,1.0,0.9748543995310475
lof,534,0.2553846153846154,1.0,0.9748543995310475
lof,535,0.2523076923076923,1.0,0.9748543995310475
lof,536,0.24923076923076923,1.0,0.9748543995310475
lof,537,0.24615384615384617,1.0,0.9748543995310475
lof,538,0.24307692307692308,1.0,0.9748543995310475
lof,539,0.24,1.0,0.9748543995310475
lof,540,0.23692307692307693,1.0,0.9748543995310475
lof,541,0.23384615384615384,1.0,0.9748543995310475
lof,542,0.23076923076923078,1.0,0.9748543995310475
lof,543,0.2276923076923077,1.0,0.9748543995310475
lof,544,0.2246153846153846,1.0,0.9748543995310475
lof,545,0.22153846153846155,1.0,0.9748543995310475
lof,546,0.21846153846153846,1.0,0.9748543995310475
lof,547,0.2153846153846154,1.0,0.9748543995310475
lof,548,0.2123076923076923,1.0,0.9748543995310475
lof,549,0.20923076923076922,1.0,0.9748543995310475
lof,550,0.20615384615384616,1.0,0.9748543995310475
lof,551,0.20307692307692307,1.0,0.9748543995310475
lof,552,0.2,1.0,0.9748543995310475
lof,553,0.19692307692307692,1.0,0.9748543995310475
lof,554,0.19384615384615383,1.0,0.9748543995310475
lof,555,0.19076923076923077,1.0,0.9748543995310475
lof,556,0.18769230769230769,1.0,0.9748543995310475
lof,557,0.18461538461538463,1.0,0.9748543995310475
lof,558,0.18153846153846154,1.0,0.9748543995310475
lof,559,0.17846153846153845,1.0,0.9748543995310475
lof,560,0.1753846153846154,1.0,0.9748543995310475
lof,561,0.1723076923076923,1.0,0.9748543995310475
lof,562,0.16923076923076924,1.0,0.9748543995310475
lof,563,0.16615384615384615,1.0,0.9748543995310475
lof,564,0.16307692307692306,1.0,0.9748543995310475
lof,565,0.16,1.0,0.9748543995310475
lof,566,0.15692307692307692,1.0,0.9748543995310475
lof,567,0.15384615384615385,1.0,0.9748543995310475
lof,568,0.15076923076923077,1.0,0.9748543995310475
lof,569,0.1476923076923077,1.0,0.9748543995310475
lof,570,0.14461538461538462,1.0,0.9748543995310475
lof,571,0.14153846153846153,1.0,0.9748543995310475
lof,572,0.13846153846153847,1.0,0.9748543995310475
lof,573,0.13538461538461538,1.0,0.9748543995310475
lof,574,0.13230769230769232,1.0,0.9748543995310475
lof,575,0.12923076923076923,1.0,0.9748543995310475
lof,576,0.12615384615384614,1.0,0.9748543995310475
lof,577,0.12307692307692308,1.0,0.9748543995310475
lof,578,0.12,1.0,0.9748543995310475
lof,579,0.11692307692307692,1.0,0.9748543995310475
lof,580,0.11384615384615385,1.0,0.9748543995310475
lof,581,0.11076923076923077,1.0,0.9748543995310475
lof,582,0.10461538461538461,1.0,0.9748543995310475
lof,583,0.10153846153846154,1.0,0.9748543995310475
lof,584,0.09846153846153846,1.0,0.9748543995310475
lof,585,0.09230769230769231,1.0,0.9748543995310475
lof,586,0.08923076923076922,1.0,0.9748543995310475
lof,587,0.08615384615384615,1.0,0.9748543995310475
lof,588,0.08307692307692308,1.0,0.9748543995310475
lof,589,0.08,1.0,0.9748543995310475
lof,590,0.07692307692307693,1.0,0.9748543995310475
lof,591,0.07384615384615385,1.0,0.9748543995310475
lof,592,0.07076923076923076,1.0,0.9748543995310475
lof,593,0.06769230769230769,1.0,0.9748543995310475
lof,594,0.06461538461538462,1.0,0.9748543995310475
lof,595,0.06153846153846154,1.0,0.9748543995310475
lof,596,0.05846153846153846,1.0,0.9748543995310475
lof,597,0.055384615384615386,1.0,0.9748543995310475
lof,598,0.052307692307692305,1.0,0.9748543995310475
lof,599,0.04923076923076923,1.0,0.9748543995310475
lof,600,0.046153846153846156,1.0,0.9748543995310475
lof,601,0.043076923076923075,1.0,0.9748543995310475
lof,602,0.04,1.0,0.9748543995310475
lof,603,0.036923076923076927,1.0,0.9748543995310475
lof,604,0.033846153846153845,1.0,0.9748543995310475
lof,605,0.03076923076923077,1.0,0.9748543995310475
lof,606,0.027692307692307693,1.0,0.9748543995310475
lof,607,0.024615384615384615,1.0,0.9748543995310475
lof,608,0.021538461538461538,1.0,0.9748543995310475
lof,609,0.018461538461538463,1.0,0.9748543995310475
lof,610,0.015384615384615385,1.0,0.9748543995310475
lof,611,0.012307692307692308,1.0,0.9748543995310475
lof,612,0.009230769230769232,1.0,0.9748543995310475
lof,613,0.006153846153846154,1.0,0.9748543995310475
lof,614,0.003076923076923077,1.0,0.9748543995310475
lof,615,0.0,1.0,0.9748543995310475
ocsvm,0,1.0,0.2959927140255009,0.9979884083186509
ocsvm,1,1.0,0.29626253418413856,0.9979884083186509
ocsvm,2,1.0,0.2970749542961609,0.9979884083186509
ocsvm,3,1.0,0.2976190476190476,0.9979884083186509
ocsvm,4,1.0,0.29789184234647115,0.9979884083186509
ocsvm,5,1.0,0.2981651376146789,0.9979884083186509
ocsvm,6,1.0,0.29843893480257117,0.9979884083186509
ocsvm,7,1.0,0.29871323529411764,0.9979884083186509
ocsvm,8,1.0,0.2995391705069124,0.9979884083186509
ocsvm,9,1.0,0.30009233610341646,0.9979884083186509
ocsvm,10,1.0,0.300369685767098,0.9979884083186509
ocsvm,11,1.0,0.30092592592592593,0.9979884083186509
ocsvm,12,1.0,0.3014842300556586,0.9979884083186509
ocsvm,13,1.0,0.3020446096654275,0.9979884083186509
ocsvm,14,1.0,0.3026070763500931,0.9979884083186509
ocsvm,15,1.0,0.3031716417910448,0.9979884083186509
ocsvm,16,1.0,0.30430711610486894,0.9979884083186509
ocsvm,17,1.0,0.3048780487804878,0.9979884083186509
ocsvm,18,1.0,0.3057384760112888,0.9979884083186509
ocsvm,19,1.0,0.3080568720379147,0.9979884083186509
ocsvm,20,1.0,0.30893536121673004,0.9979884083186509
ocsvm,21,1.0,0.30922930542340626,0.9979884083186509
ocsvm,22,1.0,0.3101145038167939,0.9979884083186509
ocsvm,23,1.0,0.3107074569789675,0.9979884083186509
ocsvm,24,1.0,0.31100478468899523,0.9979884083186509
ocsvm,25,1.0,0.311601150527325,0.9979884083186509
ocsvm,26,1.0,0.3125,0.9979884083186509
ocsvm,27,1.0,0.3128007699711261,0.9979884083186509
ocsvm,28,1.0,0.3155339805825243,0.9979884083186509
ocsvm,29,1.0,0.3198818897637795,0.9979884083186509
ocsvm,30,1.0,0.32082922013820336,0.9979884083186509
ocsvm,31,1.0,0.3211462450592885,0.9979884083186509
ocsvm,32,1.0,0.3227408142999007,0.9979884083186509
ocsvm,33,1.0,0.3256513026052104,0.9979884083186509
ocsvm,34,1.0,0.32630522088353414,0.9979884083186509
ocsvm,35,1.0,0.32861476238624876,0.9979884083186509
ocsvm,36,1.0,0.3292806484295846,0.9979884083186509
ocsvm,37,1.0,0.32961460446247465,0.9979884083186509
ocsvm,38,1.0,0.3306205493387589,0.9979884083186509
ocsvm,39,1.0,0.3312945973496432,0.9979884083186509
ocsvm,40,1.0,0.3340184994861254,0.9979884083186509
ocsvm,41,1.0,0.33713692946058094,0.9979884083186509
ocsvm,42,1.0,0.3374870197300104,0.9979884083186509
ocsvm,43,1.0,0.33783783783783783,0.9979884083186509
ocsvm,44,1.0,0.33889468196037537,0.9979884083186509
ocsvm,45,1.0,0.34210526315789475,0.9979884083186509
ocsvm,46,1.0,0.3424657534246575,0.9979884083186509
ocsvm,47,1.0,0.34282700421940926,0.9979884083186509
ocsvm,48,1.0,0.34318901795142553,0.9979884083186509
ocsvm,49,1.0,0.3439153439153439,0.9979884083186509
ocsvm,50,1.0,0.344644750795334,0.9979884083186509
ocsvm,51,1.0,0.34537725823591925,0.9979884083186509
ocsvm,52,1.0,0.34574468085106386,0.9979884083186509
ocsvm,53,1.0,0.34611288604898827,0.9979884083186509
ocsvm,54,1.0,0.34759358288770054,0.9979884083186509
ocsvm,55,1.0,0.3487124463519313,0.9979884083186509
ocsvm,56,1.0,0.34946236559139787,0.9979884083186509
ocsvm,57,1.0,0.3505933117583603,0.9979884083186509
ocsvm,58,1.0,0.352112676056338,0.9979884083186509
ocsvm,59,1.0,0.3532608695652174,0.9979884083186509
ocsvm,60,1.0,0.3540305010893246,0.9979884083186509
ocsvm,61,1.0,0.3551912568306011,0.9979884083186509
ocsvm,62,1.0,0.3567508232711306,0.9979884083186509
ocsvm,63,1.0,0.35832414553472985,0.9979884083186509
ocsvm,64,1.0,0.35951327433628316,0.9979884083186509
ocsvm,65,1.0,0.3615127919911012,0.9979884083186509
ocsvm,66,1.0,0.3635346756152125,0.9979884083186509
ocsvm,67,1.0,0.36475869809203143,0.9979884083186509
ocsvm,68,1.0,0.3655793025871766,0.9979884083186509
ocsvm,69,1.0,0.36681715575620766,0.9979884083186509
ocsvm,70,1.0,0.36848072562358275,0.9979884083186509
ocsvm,71,1.0,0.3693181818181818,0.9979884083186509
ocsvm,72,1.0,0.37142857142857144,0.9979884083186509
ocsvm,73,1.0,0.3735632183908046,0.9979884083186509
ocsvm,74,1.0,0.3748558246828143,0.9979884083186509
ocsvm,75,1.0,0.37528868360277134,0.9979884083186509
ocsvm,76,1.0,0.37790697674418605,0.9979884083186509
ocsvm,77,1.0,0.37834691501746215,0.9979884083186509
ocsvm,78,1.0,0.3792298716452742,0.9979884083186509
ocsvm,79,1.0,0.3805620608899297,0.9979884083186509
ocsvm,80,1.0,0.3810082063305979,0.9979884083186509
ocsvm,81,1.0,0.38235294117647056,0.9979884083186509
ocsvm,82,1.0,0.38325471698113206,0.9979884083186509
ocsvm,83,1.0,0.3837072018890201,0.9979884083186509
ocsvm,84,1.0,0.38507109004739337,0.9979884083186509
ocsvm,85,1.0,0.38552787663107946,0.9979884083186509
ocsvm,86,1.0,0.3869047619047619,0.9979884083186509
ocsvm,87,1.0,0.38829151732377537,0.9979884083186509
ocsvm,88,1.0,0.38968824940047964,0.9979884083186509
ocsvm,89,1.0,0.39015606242497,0.9979884083186509
ocsvm,90,1.0,0.392512077294686,0.9979884083186509
ocsvm,91,1.0,0.39298669891172916,0.9979884083186509
ocsvm,92,1.0,0.3934624697336562,0.9979884083186509
ocsvm,93,1.0,0.39441747572815533,0.9979884083186509
ocsvm,94,1.0,0.3968253968253968,0.9979884083186509
ocsvm,95,1.0,0.39828431372549017,0.9979884083186509
ocsvm,96,1.0,0.3987730061349693,0.9979884083186509
ocsvm,97,1.0,0.39926289926289926,0.9979884083186509
ocsvm,98,1.0,0.3997539975399754,0.9979884083186509
ocsvm,99,1.0,0.4002463054187192,0.9979884083186509
ocsvm,100,1.0,0.4012345679012346,0.9979884083186509
ocsvm,101,1.0,0.40272614622057,0.9979884083186509
ocsvm,102,1.0,0.40422885572139305,0.9979884083186509
ocsvm,103,1.0,0.40473225404732255,0.9979884083186509
ocsvm,104,1.0,0.40523690773067333,0.9979884083186509
ocsvm,105,1.0,0.40625,0.9979884083186509
ocsvm,106,1.0,0.4067584480600751,0.9979884083186509
ocsvm,107,1.0,0.4077791718946048,0.9979884083186509
ocsvm,108,1.0,0.4082914572864322,0.9979884083186509
ocsvm,109,1.0,0.4088050314465409,0.9979884083186509
ocsvm,110,1.0,0.41035353535353536,0.9979884083186509
ocsvm,111,1.0,0.4108723135271808,0.9979884083186509
ocsvm,112,1.0,0.41191381495564006,0.9979884083186509
ocsvm,113,1.0,0.41507024265644954,0.9979884083186509
ocsvm,114,1.0,0.41613316261203587,0.9979884083186509
ocsvm,115,1.0,0.417201540436457,0.9979884083186509
ocsvm,116,1.0,0.41773778920308485,0.9979884083186509
ocsvm,117,1.0,0.41935483870967744,0.9979884083186509
ocsvm,118,1.0,0.4198966408268734,0.9979884083186509
ocsvm,119,1.0,0.4204398447606727,0.9979884083186509
ocsvm,120,1.0,0.4209844559585492,0.9979884083186509
ocsvm,121,1.0,0.42153047989623865,0.9979884083186509
ocsvm,122,1.0,0.4231770833333333,0.9979884083186509
ocsvm,123,1.0,0.423728813559322,0.9979884083186509
ocsvm,124,1.0,0.42428198433420367,0.9979884083186509
ocsvm,125,1.0,0.42483660130718953,0.9979884083186509
ocsvm,126,1.0,0.42539267015706805,0.9979884083186509
ocsvm,127,1.0,0.4259501965923984,0.9979884083186509
ocsvm,128,1.0,0.42706964520367935,0.9979884083186509
ocsvm,129,1.0,0.4281949934123847,0.9979884083186509
ocsvm,130,1.0,0.4287598944591029,0.9979884083186509
ocsvm,131,1.0,0.42932628797886396,0.9979884083186509
ocsvm,132,1.0,0.4304635761589404,0.9979884083186509
ocsvm,133,1.0,0.43103448275862066,0.9979884083186509
ocsvm,134,1.0,0.4321808510638298,0.9979884083186509
ocsvm,135,1.0,0.43275632490013316,0.9979884083186509
ocsvm,136,1.0,0.4397834912043302,0.9979884083186509
ocsvm,137,1.0,0.44097693351424694,0.9979884083186509
ocsvm,138,1.0,0.44157608695652173,0.9979884083186509
ocsvm,139,1.0,0.4421768707482993,0.9979884083186509
ocsvm,140,1.0,0.44398907103825136,0.9979884083186509
ocsvm,141,1.0,0.44459644322845415,0.9979884083186509
ocsvm,142,1.0,0.4452054794520548,0.9979884083186509
ocsvm,143,1.0,0.44642857142857145,0.9979884083186509
ocsvm,144,1.0,0.4470426409903714,0.9979884083186509
ocsvm,145,1.0,0.4476584022038568,0.9979884083186509
ocsvm,146,1.0,0.4482758620689655,0.9979884083186509
ocsvm,147,1.0,0.44951590594744123,0.9979884083186509
ocsvm,148,1.0,0.45013850415512463,0.9979884083186509
ocsvm,149,1.0,0.45774647887323944,0.9979884083186509
ocsvm,150,1.0,0.4616477272727273,0.9979884083186509
ocsvm,151,1.0,0.4623044096728307,0.9979884083186509
ocsvm,152,1.0,0.463623395149786,0.9979884083186509
ocsvm,153,1.0,0.4642857142857143,0.9979884083186509
ocsvm,154,1.0,0.4676258992805755,0.9979884083186509
ocsvm,155,1.0,0.46829971181556196,0.9979884083186509
ocsvm,156,1.0,0.468975468975469,0.9979884083186509
ocsvm,157,1.0,0.4703328509406657,0.9979884083186509
ocsvm,158,1.0,0.47238372093023256,0.9979884083186509
ocsvm,159,1.0,0.47584187408491946,0.9979884083186509
ocsvm,160,1.0,0.47723935389133626,0.9979884083186509
ocsvm,161,1.0,0.47935103244837757,0.9979884083186509
ocsvm,162,1.0,0.48005908419497784,0.9979884083186509
ocsvm,163,1.0,0.49242424242424243,0.9979884083186509
ocsvm,164,1.0,0.5007704160246533,0.9979884083186509
ocsvm,165,1.0,0.5015432098765432,0.9979884083186509
ocsvm,166,1.0,0.5046583850931677,0.9979884083186509
ocsvm,167,1.0,0.5134281200631912,0.9979884083186509
ocsvm,168,1.0,0.5142405063291139,0.9979884083186509
ocsvm,169,1.0,0.518341307814992,0.9979884083186509
ocsvm,170,1.0,0.5301794453507341,0.9979884083186509
ocsvm,171,1.0,0.5310457516339869,0.9979884083186509
ocsvm,172,1.0,0.5443886097152428,0.9979884083186509
ocsvm,173,1.0,0.5462184873949579,0.9979884083186509
ocsvm,174,1.0,0.5508474576271186,0.9979884083186509
ocsvm,175,1.0,0.5517826825127334,0.9979884083186509
ocsvm,176,1.0,0.5527210884353742,0.9979884083186509
ocsvm,177,1.0,0.5565068493150684,0.9979884083186509
ocsvm,178,1.0,0.5584192439862543,0.9979884083186509
ocsvm,179,1.0,0.5593803786574871,0.9979884083186509
ocsvm,180,1.0,0.5613126079447323,0.9979884083186509
ocsvm,181,1.0,0.5622837370242214,0.9979884083186509
ocsvm,182,1.0,0.5652173913043478,0.9979884083186509
ocsvm,183,1.0,0.5671902268760908,0.9979884083186509
ocsvm,184,1.0,0.5681818181818182,0.9979884083186509
ocsvm,185,1.0,0.5691768826619965,0.9979884083186509
ocsvm,186,1.0,0.5782918149466192,0.9979884083186509
ocsvm,187,1.0,0.5803571428571429,0.9979884083186509
ocsvm,188,1.0,0.5813953488372093,0.9979884083186509
ocsvm,189,1.0,0.5824372759856631,0.9979884083186509
ocsvm,190,1.0,0.5834829443447038,0.9979884083186509
ocsvm,191,1.0,0.5845323741007195,0.9979884083186509
ocsvm,192,1.0,0.5866425992779783,0.9979884083186509
ocsvm,193,1.0,0.5877034358047016,0.9979884083186509
ocsvm,194,1.0,0.5887681159420289,0.9979884083186509
ocsvm,195,1.0,0.5898366606170599,0.9979884083186509
ocsvm,196,1.0,0.5919854280510018,0.9979884083186509
ocsvm,197,1.0,0.6052141527001862,0.9979884083186509
ocsvm,198,1.0,0.6063432835820896,0.9979884083186509
ocsvm,199,1.0,0.6074766355140186,0.9979884083186509
ocsvm,200,1.0,0.6086142322097379,0.9979884083186509
ocsvm,201,1.0,0.6109022556390977,0.9979884083186509
ocsvm,202,1.0,0.6166982922201139,0.9979884083186509
ocsvm,203,1.0,0.6190476190476191,0.9979884083186509
ocsvm,204,1.0,0.6202290076335878,0.9979884083186509
ocsvm,205,1.0,0.6513026052104208,0.9979884083186509
ocsvm,206,1.0,0.6526104417670683,0.9979884083186509
ocsvm,207,1.0,0.6539235412474849,0.9979884083186509
ocsvm,208,1.0,0.655241935483871,0.9979884083186509
ocsvm,209,1.0,0.6578947368421053,0.9979884083186509
ocsvm,210,1.0,0.6592292089249493,0.9979884083186509
ocsvm,211,1.0,0.6605691056910569,0.9979884083186509
ocsvm,212,1.0,0.6619144602851323,0.9979884083186509
ocsvm,213,1.0,0.6728778467908902,0.9979884083186509
ocsvm,214,1.0,0.6742738589211619,0.9979884083186509
ocsvm,215,1.0,0.6770833333333334,0.9979884083186509
ocsvm,216,1.0,0.7019438444924406,0.9979884083186509
ocsvm,217,1.0,0.7034632034632035,0.9979884083186509
ocsvm,218,1.0,0.7096069868995634,0.9979884083186509
ocsvm,219,1.0,0.7111597374179431,0.9979884083186509
ocsvm,220,1.0,0.7158590308370044,0.9979884083186509
ocsvm,221,1.0,0.7190265486725663,0.9979884083186509
ocsvm,222,1.0,0.720620842572062,0.9979884083186509
ocsvm,223,1.0,0.7254464285714286,0.9979884083186509
ocsvm,224,1.0,0.727069351230425,0.9979884083186509
ocsvm,225,1.0,0.7286995515695067,0.9979884083186509
ocsvm,226,1.0,0.7303370786516854,0.9979884083186509
ocsvm,227,1.0,0.7319819819819819,0.9979884083186509
ocsvm,228,1.0,0.7352941176470589,0.9979884083186509
ocsvm,229,1.0,0.7386363636363636,0.9979884083186509
ocsvm,230,1.0,0.7403189066059226,0.9979884083186509
ocsvm,231,1.0,0.7420091324200914,0.9979884083186509
ocsvm,232,1.0,0.7488479262672811,0.9979884083186509
ocsvm,233,1.0,0.7523148148148148,0.9979884083186509
ocsvm,234,1.0,0.7540603248259861,0.9979884083186509
ocsvm,235,1.0,0.7558139534883721,0.9979884083186509
ocsvm,236,1.0,0.7611241217798594,0.9979884083186509
ocsvm,237,1.0,0.7683215130023641,0.9979884083186509
ocsvm,238,1.0,0.7701421800947867,0.9979884083186509
ocsvm,239,1.0,0.7756563245823389,0.9979884083186509
ocsvm,240,1.0,0.777511961722488,0.9979884083186509
ocsvm,241,1.0,0.7793764988009593,0.9979884083186509
ocsvm,242,1.0,0.78125,0.9979884083186509
ocsvm,243,1.0,0.7831325301204819,0.9979884083186509
ocsvm,244,1.0,0.785024154589372,0.9979884083186509
ocsvm,245,1.0,0.7869249394673123,0.9979884083186509
ocsvm,246,1.0,0.7888349514563107,0.9979884083186509
ocsvm,247,1.0,0.7907542579075426,0.9979884083186509
ocsvm,248,1.0,0.7926829268292683,0.9979884083186509
ocsvm,249,1.0,0.7946210268948656,0.9979884083186509
ocsvm,250,1.0,0.7965686274509803,0.9979884083186509
ocsvm,251,1.0,0.8004926108374384,0.9979884083186509
ocsvm,252,1.0,0.8024691358024691,0.9979884083186509
ocsvm,253,1.0,0.8044554455445545,0.9979884083186509
ocsvm,254,1.0,0.8084577114427861,0.9979884083186509
ocsvm,255,1.0,0.8104738154613467,0.9979884083186509
ocsvm,256,1.0,0.8125,0.9979884083186509
ocsvm,257,1.0,0.8145363408521303,0.9979884083186509
ocsvm,258,1.0,0.8165829145728644,0.9979884083186509
ocsvm,259,1.0,0.8227848101265823,0.9979884083186509
ocsvm,260,1.0,0.8269720101781171,0.9979884083186509
ocsvm,261,1.0,0.8397932816537468,0.9979884083186509
ocsvm,262,1.0,0.8419689119170984,0.9979884083186509
ocsvm,263,1.0,0.8441558441558441,0.9979884083186509
ocsvm,264,1.0,0.8463541666666666,0.9979884083186509
ocsvm,265,1.0,0.8507853403141361,0.9979884083186509
ocsvm,266,1.0,0.8530183727034121,0.9979884083186509
ocsvm,267,1.0,0.8552631578947368,0.9979884083186509
ocsvm,268,1.0,0.8620689655172413,0.9979884083186509
ocsvm,269,1.0,0.8643617021276596,0.9979884083186509
ocsvm,270,1.0,0.8666666666666667,0.9979884083186509
ocsvm,271,1.0,0.8689839572192514,0.9979884083186509
ocsvm,272,1.0,0.8736559139784946,0.9979884083186509
ocsvm,273,1.0,0.876010781671159,0.9979884083186509
ocsvm,274,1.0,0.8807588075880759,0.9979884083186509
ocsvm,275,1.0,0.8831521739130435,0.9979884083186509
ocsvm,276,1.0,0.885558583106267,0.9979884083186509
ocsvm,277,0.9969230769230769,0.8876712328767123,0.9979884083186509
ocsvm,278,0.9969230769230769,0.8901098901098901,0.9979884083186509
ocsvm,279,0.9969230769230769,0.8925619834710744,0.9979884083186509
ocsvm,280,0.9969230769230769,0.8950276243093923,0.9979884083186509
ocsvm,281,0.9969230769230769,0.907563025210084,0.9979884083186509
ocsvm,282,0.9969230769230769,0.9101123595505618,0.9979884083186509
ocsvm,283,0.9969230769230769,0.9230769230769231,0.9979884083186509
ocsvm,284,0.9938461538461538,0.9228571428571428,0.9979884083186509
ocsvm,285,0.9938461538461538,0.9281609195402298,0.9979884083186509
ocsvm,286,0.9938461538461538,0.930835734870317,0.9979884083186509
ocsvm,287,0.9938461538461538,0.938953488372093,0.9979884083186509
ocsvm,288,0.9938461538461538,0.9416909620991254,0.9979884083186509
ocsvm,289,0.9938461538461538,0.9444444444444444,0.9979884083186509
ocsvm,290,0.9938461538461538,0.9472140762463344,0.9979884083186509
ocsvm,291,0.9938461538461538,0.95,0.9979884083186509
ocsvm,292,0.9938461538461538,0.9528023598820059,0.9979884083186509
ocsvm,293,0.9938461538461538,0.9556213017751479,0.9979884083186509
ocsvm,294,0.9938461538461538,0.9584569732937686,0.9979884083186509
ocsvm,295,0.9907692307692307,0.9583333333333334,0.9979884083186509
ocsvm,296,0.9907692307692307,0.9611940298507463,0.9979884083186509
ocsvm,297,0.9907692307692307,0.9640718562874252,0.9979884083186509
ocsvm,298,0.9907692307692307,0.9669669669669669,0.9979884083186509
ocsvm,299,0.9876923076923076,0.9668674698795181,0.9979884083186509
ocsvm,300,0.9876923076923076,0.9697885196374623,0.9979884083186509
ocsvm,301,0.9846153846153847,0.9696969696969697,0.9979884083186509
ocsvm,302,0.9815384615384616,0.9696048632218845,0.9979884083186509
ocsvm,303,0.9815384615384616,0.9815384615384616,0.9979884083186509
ocsvm,304,0.9815384615384616,0.9845679012345679,0.9979884083186509
ocsvm,305,0.9815384615384616,0.9876160990712074,0.9979884083186509
ocsvm,306,0.9784615384615385,0.9875776397515528,0.9979884083186509
ocsvm,307,0.9753846153846154,0.9875389408099688,0.9979884083186509
ocsvm,308,0.9723076923076923,0.9875,0.9979884083186509
ocsvm,309,0.9692307692307692,0.987460815047022,0.9979884083186509
ocsvm,310,0.9661538461538461,0.9874213836477987,0.9979884083186509
ocsvm,311,0.963076923076923,0.9873817034700315,0.9979884083186509
ocsvm,312,0.963076923076923,0.990506329113924,0.9979884083186509
ocsvm,313,0.96,0.9904761904761905,0.9979884083186509
ocsvm,314,0.96,0.9936305732484076,0.9979884083186509
ocsvm,315,0.9569230769230769,0.9936102236421726,0.9979884083186509
ocsvm,316,0.9538461538461539,0.9935897435897436,0.9979884083186509
ocsvm,317,0.9507692307692308,0.9935691318327974,0.9979884083186509
ocsvm,318,0.9476923076923077,0.9935483870967742,0.9979884083186509
ocsvm,319,0.9446153846153846,0.9935275080906149,0.9979884083186509
ocsvm,320,0.9415384615384615,0.9935064935064936,0.9979884083186509
ocsvm,321,0.9384615384615385,0.993485342019544,0.9979884083186509
ocsvm,322,0.9353846153846154,0.9934640522875817,0.9979884083186509
ocsvm,323,0.9323076923076923,0.9934426229508196,0.9979884083186509
ocsvm,324,0.9292307692307692,0.993421052631579,0.9979884083186509
ocsvm,325,0.9261538461538461,0.9933993399339934,0.9979884083186509
ocsvm,326,0.9230769230769231,0.9933774834437086,0.9979884083186509
ocsvm,327,0.92,0.9933554817275747,0.9979884083186509
ocsvm,328,0.916923076923077,0.9933333333333333,0.9979884083186509
ocsvm,329,0.9138461538461539,0.9933110367892977,0.9979884083186509
ocsvm,330,0.9107692307692308,0.9932885906040269,0.9979884083186509
ocsvm,331,0.9076923076923077,0.9932659932659933,0.9979884083186509
ocsvm,332,0.9046153846153846,0.9932432432432432,0.9979884083186509
ocsvm,333,0.9015384615384615,0.9932203389830508,0.9979884083186509
ocsvm,334,0.8984615384615384,0.9931972789115646,0.9979884083186509
ocsvm,335,0.8953846153846153,0.9931740614334471,0.9979884083186509
ocsvm,336,0.8923076923076924,0.9931506849315068,0.9979884083186509
ocsvm,337,0.8892307692307693,0.993127147766323,0.9979884083186509
ocsvm,338,0.8861538461538462,0.993103448275862,0.9979884083186509
ocsvm,339,0.8830769230769231,0.9930795847750865,0.9979884083186509
ocsvm,340,0.88,0.9930555555555556,0.9979884083186509
ocsvm,341,0.8769230769230769,0.9930313588850174,0.9979884083186509
ocsvm,342,0.8738461538461538,0.993006993006993,0.9979884083186509
ocsvm,343,0.8707692307692307,0.9929824561403509,0.9979884083186509
ocsvm,344,0.8676923076923077,0.9929577464788732,0.9979884083186509
ocsvm,345,0.8646153846153846,0.9929328621908127,0.9979884083186509
ocsvm,346,0.8615384615384616,0.9929078014184397,0.9979884083186509
ocsvm,347,0.8584615384615385,0.9928825622775801,0.9979884083186509
ocsvm,348,0.8553846153846154,0.9928571428571429,0.9979884083186509
ocsvm,349,0.8523076923076923,0.992831541218638,0.9979884083186509
ocsvm,350,0.8492307692307692,0.9928057553956835,0.9979884083186509
ocsvm,351,0.8492307692307692,1.0,0.9979884083186509
ocsvm,352,0.8461538461538461,1.0,0.9979884083186509
ocsvm,353,0.8430769230769231,1.0,0.9979884083186509
ocsvm,354,0.84,1.0,0.9979884083186509
ocsvm,355,0.8369230769230769,1.0,0.9979884083186509
ocsvm,356,0.8338461538461538,1.0,0.9979884083186509
ocsvm,357,0.8307692307692308,1.0,0.9979884083186509
ocsvm,358,0.8276923076923077,1.0,0.9979884083186509
ocsvm,359,0.8246153846153846,1.0,0.9979884083186509
ocsvm,360,0.8215384615384616,1.0,0.9979884083186509
ocsvm,361,0.8184615384615385,1.0,0.9979884083186509
ocsvm,362,0.8153846153846154,1.0,0.9979884083186509
ocsvm,363,0.8092307692307692,1.0,0.9979884083186509
ocsvm,364,0.8061538461538461,1.0,0.9979884083186509
ocsvm,365,0.803076923076923,1.0,0.9979884083186509
ocsvm,366,0.8,1.0,0.9979884083186509
ocsvm,367,0.796923076923077,1.0,0.9979884083186509
ocsvm,368,0.7938461538461539,1.0,0.9979884083186509
ocsvm,369,0.7907692307692308,1.0,0.9979884083186509
ocsvm,370,0.7876923076923077,1.0,0.9979884083186509
ocsvm,371,0.7846153846153846,1.0,0.9979884083186509
ocsvm,372,0.7815384615384615,1.0,0.9979884083186509
ocsvm,373,0.7784615384615384,1.0,0.9979884083186509
ocsvm,374,0.7753846153846153,1.0,0.9979884083186509
ocsvm,375,0.7723076923076924,1.0,0.9979884083186509
ocsvm,376,0.7692307692307693,1.0,0.9979884083186509
ocsvm,377,0.7661538461538462,1.0,0.9979884083186509
ocsvm,378,0.7630769230769231,1.0,0.9979884083186509
ocsvm,379,0.76,1.0,0.9979884083186509
ocsvm,380,0.7569230769230769,1.0,0.9979884083186509
ocsvm,381,0.7507692307692307,1.0,0.9979884083186509
ocsvm,382,0.7476923076923077,1.0,0.9979884083186509
ocsvm,383,0.7446153846153846,1.0,0.9979884083186509
ocsvm,384,0.7415384615384616,1.0,0.9979884083186509
ocsvm,385,0.7384615384615385,1.0,0.9979884083186509
ocsvm,386,0.7353846153846154,1.0,0.9979884083186509
ocsvm,387,0.7323076923076923,1.0,0.9979884083186509
ocsvm,388,0.7292307692307692,1.0,0.9979884083186509
ocsvm,389,0.7261538461538461,1.0,0.9979884083186509
ocsvm,390,0.7230769230769231,1.0,0.9979884083186509
ocsvm,391,0.72,1.0,0.9979884083186509
ocsvm,392,0.7169230769230769,1.0,0.9979884083186509
ocsvm,393,0.7138461538461538,1.0,0.9979884083186509
ocsvm,394,0.7107692307692308,1.0,0.9979884083186509
ocsvm,395,0.7076923076923077,1.0,0.9979884083186509
ocsvm,396,0.7046153846153846,1.0,0.9979884083186509
ocsvm,397,0.7015384615384616,1.0,0.9979884083186509
ocsvm,398,0.6984615384615385,1.0,0.9979884083186509
ocsvm,399,0.6953846153846154,1.0,0.9979884083186509
ocsvm,400,0.6923076923076923,1.0,0.9979884083186509
ocsvm,401,0.6892307692307692,1.0,0.9979884083186509
ocsvm,402,0.6861538461538461,1.0,0.9979884083186509
ocsvm,403,0.683076923076923,1.0,0.9979884083186509
ocsvm,404,0.68,1.0,0.9979884083186509
ocsvm,405,0.676923076923077,1.0,0.9979884083186509
ocsvm,406,0.6707692307692308,1.0,0.9979884083186509
ocsvm,407,0.6676923076923077,1.0,0.9979884083186509
ocsvm,408,0.6646153846153846,1.0,0.9979884083186509
ocsvm,409,0.6584615384615384,1.0,0.9979884083186509
ocsvm,410,0.6553846153846153,1.0,0.9979884083186509
ocsvm,411,0.6523076923076923,1.0,0.9979884083186509
ocsvm,412,0.6492307692307693,1.0,0.9979884083186509
ocsvm,413,0.6461538461538462,1.0,0.9979884083186509
ocsvm,414,0.6430769230769231,1.0,0.9979884083186509
ocsvm,415,0.64,1.0,0.9979884083186509
ocsvm,416,0.6369230769230769,1.0,0.9979884083186509
ocsvm,417,0.6338461538461538,1.0,0.9979884083186509
ocsvm,418,0.6307692307692307,1.0,0.9979884083186509
ocsvm,419,0.6276923076923077,1.0,0.9979884083186509
ocsvm,420,0.6246153846153846,1.0,0.9979884083186509
ocsvm,421,0.6215384615384615,1.0,0.9979884083186509
ocsvm,422,0.6184615384615385,1.0,0.9979884083186509
ocsvm,423,0.6153846153846154,1.0,0.9979884083186509
ocsvm,424,0.6123076923076923,1.0,0.9979884083186509
ocsvm,425,0.6061538461538462,1.0,0.9979884083186509
ocsvm,426,0.6030769230769231,1.0,0.9979884083186509
ocsvm,427,0.6,1.0,0.9979884083186509
ocsvm,428,0.5969230769230769,1.0,0.9979884083186509
ocsvm,429,0.5938461538461538,1.0,0.9979884083186509
ocsvm,430,0.5907692307692308,1.0,0.9979884083186509
ocsvm,431,0.5876923076923077,1.0,0.9979884083186509
ocsvm,432,0.5846153846153846,1.0,0.9979884083186509
ocsvm,433,0.5815384615384616,1.0,0.9979884083186509
ocsvm,434,0.5784615384615385,1.0,0.9979884083186509
ocsvm,435,0.5753846153846154,1.0,0.9979884083186509
ocsvm,436,0.5723076923076923,1.0,0.9979884083186509
ocsvm,437,0.5692307692307692,1.0,0.9979884083186509
ocsvm,438,0.563076923076923,1.0,0.9979884083186509
ocsvm,439,0.56,1.0,0.9979884083186509
ocsvm,440,0.556923076923077,1.0,0.9979884083186509
ocsvm,441,0.5538461538461539,1.0,0.9979884083186509
ocsvm,442,0.5476923076923077,1.0,0.9979884083186509
ocsvm,443,0.5415384615384615,1.0,0.9979884083186509
ocsvm,444,0.5323076923076923,1.0,0.9979884083186509
ocsvm,445,0.5230769230769231,1.0,0.9979884083186509
ocsvm,446,0.0,1.0,0.9979884083186509
